   1.0000000000000000        1.9776776968222675E-002   0.0000000000000000     
   1.1000000000000001       0.58814067303614670       0.58816665289028491     
   1.2000000000000000       0.71195544754250284       0.71197989937059170     
   1.3000000000000000       0.77969917737101235       0.77972220435869954     
   1.3999999999999999       0.82340672663414571       0.82342851191715938     
   1.5000000000000000       0.85408126092526826       0.85410196624968460     
   1.6000000000000001       0.87677896000746280       0.87679871897497497     
   1.7000000000000002       0.89420828661584117       0.89422720885495677     
   1.8000000000000000       0.90796846054160452       0.90798663695447579     
   1.8999999999999999       0.91907037314306173       0.91908788013333476     
   2.0000000000000000       0.92818632883927010       0.92820323027550922     
   2.1000000000000001       0.93578148239527315       0.93579783130014305     
   2.2000000000000002       0.94218804845447690       0.94220389459678666     
   2.2999999999999998       0.94764960006976984       0.94766498151567025     
   2.4000000000000004       0.95234867564808912       0.95236363005028601     
   2.5000000000000000       0.95642467691592936       0.95643923738959968     
   2.6000000000000001       0.95998581284681384       0.95999999999999974     
   2.7000000000000002       0.96311725750426880       0.96313110030320870     
   2.7999999999999998       0.96588692797850273       0.96590045029666305     
   2.9000000000000004       0.96834958394306370       0.96836280302679134     
   3.0000000000000000       0.97054980753392472       0.97056274847714075     
   3.1000000000000001       0.97252426647070200       0.97253693139030040     
   3.2000000000000002       0.97430329549234818       0.97431571657044957     
   3.3000000000000003       0.97591226504525908       0.97592445544163187     
   3.4000000000000004       0.97737249564471529       0.97738446060981210     
   3.5000000000000000       0.97870202303447418       0.97871376374779184     
   3.6000000000000001       0.97991616858477804       0.97992771073843910     
   3.7000000000000002       0.98102809619983600       0.98103943322417642     
   3.8000000000000003       0.98204906003924464       0.98206022533150705     
   3.9000000000000004       0.98298884688832877       0.98299984695439191     
   4.0000000000000000       0.98385593984675901       0.98386676965933517     
   4.0999999999999996       0.98465772399290163       0.98466837739651059     
   4.2000000000000002       0.98540061053641936       0.98541113134351410     
   4.3000000000000007       0.98609035591822425       0.98610070608155331     
   4.4000000000000004       0.98673190617110584       0.98674210270624785     
   4.5000000000000000       0.98732971358360988       0.98733974326454943     
   4.5999999999999996       0.98788761156097593       0.98789754998431278     
   4.7000000000000002       0.98840925777265431       0.98841901205092775     
   4.8000000000000007       0.98889762090141509       0.98890724213312875     
   4.9000000000000004       0.98935550444943265       0.98936502442890895     
   5.0000000000000000       0.98978533084169940       0.98979485566356196     
   5.1000000000000005       0.99018955136736153       0.99019898020394881     
   5.2000000000000002       0.99057018134771979       0.99057942023998657     
   5.2999999999999998       0.99092878743254109       0.99093800181396230     
   5.4000000000000004       0.99126724133657307       0.99127637734130947     
   5.5000000000000000       0.99158730041585452       0.99159604515582311     
   5.6000000000000005       0.99188945107004878       0.99189836652248042     
   5.7000000000000002       0.99217604749277377       0.99218458048779190     
   5.8000000000000007       0.99244705922376120       0.99245581687764794     
   5.9000000000000004       0.99270457053658745       0.99271310770329824     
   6.0000000000000000       0.99294872436791937       0.99295739719539244     
