   1.0000000000000000       -6.0965683419182324E-004   3.7916333694314984E-002
   1.1000000000000001       -2.1396126799759030E-005   3.0552608357579576E-002
   1.2000000000000000       -1.5761287167725621E-005   2.7946905750921774E-002
   1.3000000000000000       -1.2941306116074258E-005   2.6139147165810780E-002
   1.3999999999999999       -1.1127336704659803E-005   2.4736062438388575E-002
   1.5000000000000000       -9.8237052774000706E-006   2.3585934970994697E-002
   1.6000000000000001       -8.8255610061491532E-006   2.2611390054327638E-002
   1.7000000000000002       -8.0292169422147626E-006   2.1766782826618571E-002
   1.8000000000000000       -7.3750055332320787E-006   2.1022614276495277E-002
   1.8999999999999999       -6.8255878266292405E-006   2.0358580655292318E-002
   2.0000000000000000       -6.3564418918872088E-006   1.9760045683898723E-002
   2.1000000000000001       -5.9502469258141148E-006   1.9216077510984475E-002
   2.2000000000000002       -5.5947214508661578E-006   1.8718277967096370E-002
   2.2999999999999998       -5.2802725399433352E-006   1.8260046814041333E-002
   2.4000000000000004       -5.0001469874295110E-006   1.7836096675134461E-002
   2.5000000000000000       -4.7483759434452952E-006   1.7442124126411475E-002
   2.6000000000000001       -4.5214060646522327E-006   1.7074578560824009E-002
   2.7000000000000002       -4.3152896536731054E-006   1.6730494146956564E-002
   2.7999999999999998       -4.1265060944102702E-006   1.6407369117800663E-002
   2.9000000000000004       -3.9542269391891981E-006   1.6103073301238838E-002
   3.0000000000000000       -3.7953154580088632E-006   1.5815777210322814E-002
   3.1000000000000001       -3.6495494584501658E-006   1.5543900324319231E-002
   3.2000000000000002       -3.5161628487699083E-006   1.5286063989259096E-002
   3.3000000000000003       -3.3883273135919495E-006   1.5041063328835686E-002
   3.4000000000000004       -3.2707461977869652E-006   1.4807836932967266E-002
   3.5000000000000000       -3.1648717124829035E-006   1.4585445327045372E-002
   3.6000000000000001       -3.0571285481192332E-006   1.4373051656887036E-002
   3.7000000000000002       -2.9601111163039552E-006   1.4169911908676749E-002
   3.8000000000000003       -2.8700365856265008E-006   1.3975355167061828E-002
   3.9000000000000004       -2.7892074226636295E-006   1.3788781547056095E-002
   4.0000000000000000       -2.7112116946378072E-006   1.3609648895992841E-002
   4.0999999999999996       -2.6263820812066511E-006   1.3437465783416534E-002
   4.2000000000000002       -2.5583318694013429E-006   1.3271782438692517E-002
   4.3000000000000007       -2.5012024871224421E-006   1.3112197570152537E-002
   4.4000000000000004       -2.4384259051466465E-006   1.2958336198652758E-002
   4.5000000000000000       -2.3565604867978047E-006   1.2809860317322390E-002
   4.5999999999999996       -2.3209399649008956E-006   1.2666453019929231E-002
   4.7000000000000002       -2.2656311898724426E-006   1.2527837451855392E-002
   4.8000000000000007       -2.1864518287095471E-006   1.2393740349748933E-002
   4.9000000000000004       -2.1320079683459937E-006   1.2263919185769403E-002
   5.0000000000000000       -2.0984587492337562E-006   1.2138142644059107E-002
   5.1000000000000005       -2.0537804423558035E-006   1.2016216526966571E-002
   5.2000000000000002       -2.0353254718474340E-006   1.1897944062417261E-002
   5.2999999999999998       -1.9798968204212729E-006   1.1783128724830122E-002
   5.4000000000000004       -1.9320942746665860E-006   1.1671617421188546E-002
   5.5000000000000000       -1.8912577483888343E-006   1.1563271217851643E-002
   5.6000000000000005       -1.8208814389020439E-006   1.1457882340394670E-002
   5.7000000000000002       -1.8032749001696812E-006   1.1355392154333668E-002
   5.8000000000000007       -1.7450410218013709E-006   1.1255589498036378E-002
   5.9000000000000004       -1.7943312115027807E-006   1.1158428620916100E-002
   6.0000000000000000       -1.7080842312581696E-006   1.1063741946788982E-002
