  -1.9999279999999999       -7.1994794401175811E-005  -8.6398418891213636E-007
  -1.9999208000000002       -7.1994535721738823E-005  -8.8531955424595000E-007
  -1.9999136000000000       -7.1994277006397843E-005  -9.0615264343340426E-007
  -1.9999064000000000       -7.1994018259197745E-005  -9.2651733908440762E-007
  -1.9998992000000000       -7.1993759483076256E-005  -9.4644387658098061E-007
  -1.9998920000000000       -7.1993500681353351E-005  -9.6595937243411196E-007
  -1.9998848000000000       -7.1993241857252094E-005  -9.8508825604026547E-007
  -1.9998776000000000       -7.1992983010661787E-005  -1.0038526291021401E-006
  -1.9998704000000000       -7.1992724145085297E-005  -1.0222725645447234E-006
  -1.9998631999999998       -7.1992465265217817E-005  -1.0403663585332813E-006
  -1.9998560000000001       -7.1992206366641885E-005  -1.0581507405909797E-006
  -1.9998488000000001       -7.1991947451081615E-005  -1.0756410510742722E-006
  -1.9998415999999999       -7.1991688520770951E-005  -1.0928514291298068E-006
  -1.9998344000000001       -7.1991429579364914E-005  -1.1097948712582922E-006
  -1.9998271999999999       -7.1991170625949780E-005  -1.1264834465109229E-006
  -1.9998199999999999       -7.1990911677478065E-005  -1.1429283151897093E-006
  -1.9998128000000002       -7.1990652693669125E-005  -1.1591398081188443E-006
  -1.9998056000000000       -7.1990393709906697E-005  -1.1751276405292354E-006
  -1.9997984000000000       -7.1990134749294466E-005  -1.1909008006676890E-006
  -1.9997912000000000       -7.1989875748149337E-005  -1.2064676985845403E-006
  -1.9997840000000000       -7.1989616773768050E-005  -1.2218362685575206E-006
  -1.9997768000000000       -7.1989357720545790E-005  -1.2370137751259045E-006
  -1.9997696000000000       -7.1989098634692324E-005  -1.2520074001809658E-006
  -1.9997624000000001       -7.1988839720260898E-005  -1.2668234709151176E-006
  -1.9997551999999998       -7.1988580713347054E-005  -1.2814681708487722E-006
  -1.9997480000000001       -7.1988321485435796E-005  -1.2959473183317145E-006
  -1.9997408000000001       -7.1988062718755918E-005  -1.3102664009466987E-006
  -1.9997335999999999       -7.1987803692104567E-005  -1.3244305561622698E-006
  -1.9997264000000001       -7.1987544686594629E-005  -1.3384450224402037E-006
  -1.9997191999999999       -7.1987285463449564E-005  -1.3523142872549694E-006
  -1.9997119999999999       -7.1987026289141789E-005  -1.3660425440507725E-006
  -1.9997048000000002       -7.1986767670084969E-005  -1.3796337715616225E-006
  -1.9996976000000000       -7.1986508512924258E-005  -1.3930930266328769E-006
  -1.9996904000000000       -7.1986248729402131E-005  -1.4064231126117001E-006
  -1.9996832000000000       -7.1985989504249015E-005  -1.4196279204099798E-006
  -1.9996760000000000       -7.1985731521955216E-005  -1.4327102332466149E-006
  -1.9996688000000000       -7.1985471241274907E-005  -1.4456759436267115E-006
  -1.9996616000000000       -7.1985211838816762E-005  -1.4585246485261059E-006
  -1.9996544000000001       -7.1984954344731232E-005  -1.4712609849401508E-006
  -1.9996471999999998       -7.1984695610580280E-005  -1.4838888477649652E-006
  -1.9996400000000001       -7.1984436231017299E-005  -1.4964121122407459E-006
  -1.9996328000000001       -7.1984177128702460E-005  -1.5088295420686601E-006
  -1.9996255999999999       -7.1983915857416414E-005  -1.5211450028797465E-006
  -1.9996184000000001       -7.1983658110800331E-005  -1.5333627979238657E-006
  -1.9996111999999999       -7.1983399664151836E-005  -1.5454832376718389E-006
  -1.9996039999999999       -7.1983138819839581E-005  -1.5575043568399675E-006
  -1.9995968000000002       -7.1982883792441659E-005  -1.5694413575175733E-006
  -1.9995896000000000       -7.1982621107382299E-005  -1.5812807282065867E-006
  -1.9995824000000000       -7.1982366230562915E-005  -1.5930407906914819E-006
  -1.9995752000000000       -7.1982099894842022E-005  -1.6047108545160352E-006
  -1.9995680000000000       -7.1981846929738960E-005  -1.6162978300867538E-006
