  -1.9999279999999999       -1.4817917641672047E-002  -2.4499395387648794E-003
  -1.9999208000000002       -1.4802945257067879E-002  -2.5089275296945380E-003
  -1.9999136000000000       -1.4787984824991855E-002  -2.5664209881698084E-003
  -1.9999064000000000       -1.4773036349376619E-002  -2.6225184516976332E-003
  -1.9998992000000000       -1.4758099830991396E-002  -2.6773079064361231E-003
  -1.9998920000000000       -1.4743175271666215E-002  -2.7308683123206021E-003
  -1.9998848000000000       -1.4728262672932336E-002  -2.7832708498017459E-003
  -1.9998776000000000       -1.4713362026885939E-002  -2.8345799578751414E-003
  -1.9998704000000000       -1.4698473335822840E-002  -2.8848541976585805E-003
  -1.9998631999999998       -1.4683596605377101E-002  -2.9341469806193317E-003
  -1.9998560000000001       -1.4668731815468506E-002  -2.9825071761026725E-003
  -1.9998488000000001       -1.4653878963348068E-002  -3.0299796247429240E-003
  -1.9998415999999999       -1.4639038047691484E-002  -3.0766056795528615E-003
  -1.9998344000000001       -1.4624209071161787E-002  -3.1224233810300084E-003
  -1.9998271999999999       -1.4609392023550357E-002  -3.1674680720732945E-003
  -1.9998199999999999       -1.4594586944866282E-002  -3.2117724585159686E-003
  -1.9998128000000002       -1.4579793714268723E-002  -3.2553668395644822E-003
  -1.9998056000000000       -1.4565012423563495E-002  -3.2982797152456386E-003
  -1.9997984000000000       -1.4550243129874874E-002  -3.3405374792543903E-003
  -1.9997912000000000       -1.4535485646876935E-002  -3.3821648422985950E-003
  -1.9997840000000000       -1.4520740155642933E-002  -3.4231851240290245E-003
  -1.9997768000000000       -1.4506006352669071E-002  -3.4636197140336146E-003
  -1.9997696000000000       -1.4491284359993011E-002  -3.5034897204246863E-003
  -1.9997624000000001       -1.4476574740772670E-002  -3.5428138114716621E-003
  -1.9997551999999998       -1.4461876748879639E-002  -3.5816102101490352E-003
  -1.9997480000000001       -1.4447190018146745E-002  -3.6198960767057599E-003
  -1.9997408000000001       -1.4432516446522515E-002  -3.6576876078373397E-003
  -1.9997335999999999       -1.4417854011948521E-002  -3.6949999855522084E-003
  -1.9997264000000001       -1.4403203491889482E-002  -3.7318486379459177E-003
  -1.9997191999999999       -1.4388564213233873E-002  -3.7682468643378780E-003
  -1.9997119999999999       -1.4373936911521057E-002  -3.8042071141828485E-003
  -1.9997048000000002       -1.4359322988300102E-002  -3.8397412103434799E-003
  -1.9996976000000000       -1.4344719391983946E-002  -3.8748639469086579E-003
  -1.9996904000000000       -1.4330125872307973E-002  -3.9095838189299043E-003
  -1.9996832000000000       -1.4315545716139721E-002  -3.9439123232902860E-003
  -1.9996760000000000       -1.4300980813511869E-002  -3.9778578545710975E-003
  -1.9996688000000000       -1.4286421324344446E-002  -4.0114374156078308E-003
  -1.9996616000000000       -1.4271876061667613E-002  -4.0446505108127249E-003
  -1.9996544000000001       -1.4257347868473777E-002  -4.0775106147564379E-003
  -1.9996471999999998       -1.4242828007114912E-002  -4.1100291148820581E-003
  -1.9996400000000001       -1.4228318122269492E-002  -4.1422173175341449E-003
  -1.9996328000000001       -1.4213820762044799E-002  -4.1740723617775203E-003
  -1.9996255999999999       -1.4199329154218380E-002  -4.2056054999785163E-003
  -1.9996184000000001       -1.4184859034176477E-002  -4.2368291672732128E-003
  -1.9996111999999999       -1.4170398710443979E-002  -4.2677447437137134E-003
  -1.9996039999999999       -1.4155943493849483E-002  -4.2983473261276484E-003
  -1.9995968000000002       -1.4141516045518519E-002  -4.3286793733410102E-003
  -1.9995896000000000       -1.4127079186857079E-002  -4.3587040949977151E-003
  -1.9995824000000000       -1.4112675553757507E-002  -4.3884724838887737E-003
  -1.9995752000000000       -1.4098252054863382E-002  -4.4179555362296279E-003
  -1.9995680000000000       -1.4083877057243765E-002  -4.4471727468274299E-003
