   6.9451815835571354E-310   6.4224139178420262E-004   5.8999568301585413E-003
   6.9451815835571354E-310   5.7246535058938595E-004   5.9145376429173393E-003
   6.9451815835571354E-310   5.0235945409454481E-004   5.9274397900197819E-003
   6.9451815835571354E-310   4.3196408147078884E-004   5.9386558380777610E-003
   6.9451815835571354E-310   3.6131977867003202E-004   5.9481793248529358E-003
   6.9451815835571354E-310   2.9046723507155145E-004   5.9560047629799969E-003
   6.9451815835571354E-310   2.1944726004590392E-004   5.9621276431284353E-003
   6.9451815835571354E-310   1.4830075944970812E-004   5.9665444366010329E-003
   6.9451815835571354E-310   7.7068712064819273E-005   5.9692525973674571E-003
   6.9451815835571354E-310   5.7921459954737956E-006   5.9702505635319189E-003
   6.9451815835571354E-310  -6.5487884963002556E-005   5.9695377582340056E-003
   6.9451815835571354E-310  -1.3675944784417182E-004   5.9688335910500420E-003
   6.9451815835571354E-310  -2.0802254262775320E-004   5.9681380599274090E-003
   6.9451815835571354E-310  -2.7927716929371645E-004   5.9674511628137325E-003
   6.9451815835571354E-310  -3.5052332782227854E-004   5.9667728976568832E-003
   6.9451815835571354E-310  -4.2176101819390492E-004   5.9661032624049627E-003
   6.9451815835571354E-310  -4.9299024038931090E-004   5.9654422550063308E-003
   6.9451815835571354E-310  -5.6421099438945879E-004   5.9647898734095850E-003
   6.9451815835571354E-310  -6.3542328017556101E-004   5.9641461155635726E-003
   6.9451815835571354E-310  -7.0662709772907650E-004   5.9635109794173736E-003
   6.9451815835571354E-310   4.3446943609757791E-004   4.7556854863822278E-003
   6.9451815835571354E-310   3.8938881321479797E-004   4.7658192905539421E-003
   6.9451815835571354E-310   3.4407260179101942E-004   4.7748414870125528E-003
   6.9451815835571354E-310   2.9854820777509763E-004   4.7827466180348898E-003
   6.9451815835571354E-310   2.5284316305212984E-004   4.7895299014674413E-003
   6.9451815835571354E-310   2.0698510879293925E-004   4.7951872336192561E-003
   6.9451815835571354E-310   1.6100177873743893E-004   4.7997151917445633E-003
   6.9451815835571354E-310   1.1492098242200718E-004   4.8031110361135823E-003
   6.9451815835571354E-310   6.8770588360989724E-005   4.8053727116702596E-003
   6.9451815835571354E-310   2.2578507192518832E-005   4.8064988492758816E-003
   6.9451815835571354E-310  -2.3627325201163289E-005   4.8064887665379427E-003
   6.9451815835571354E-310  -6.9832422359754950E-005   4.8067266487392879E-003
   6.9451815835571354E-310  -1.1603545358570438E-004   4.8072124876982203E-003
   6.9451815835571354E-310  -1.6223508824809950E-004   4.8079462680919640E-003
   6.9451815835571354E-310  -2.0842999582098987E-004   4.8089279674571276E-003
   6.9451815835571354E-310  -2.5461884592170515E-004   4.8101575561904190E-003
   6.9451815835571354E-310  -3.0080030834916873E-004   4.8116349975495139E-003
   6.9451815835571354E-310  -3.4697305312220703E-004   4.8133602476541576E-003
   6.9451815835571354E-310  -3.9313575051785112E-004   4.8153332554874573E-003
   6.9451815835571354E-310  -4.3928707110963143E-004   4.8175539628974142E-003
   6.9451815835571354E-310   3.6328540588333706E-004   4.3519632452431326E-003
   6.9451815835571354E-310   3.2563056830566277E-004   4.3606367466740717E-003
   6.9451815835571354E-310   2.8776933498088797E-004   4.3683597732560074E-003
   6.9451815835571354E-310   2.4972569361408344E-004   4.3751274307827596E-003
   6.9451815835571354E-310   2.1152374750698852E-004   4.3809354303407481E-003
   6.9451815835571354E-310   1.7318770028689249E-004   4.3857800910270589E-003
   6.9451815835571354E-310   1.3474184057192466E-004   4.3896583422822254E-003
   6.9451815835571354E-310   9.6210526582488987E-005   4.3925677258364309E-003
   6.9451815835571354E-310   5.7618170708571901E-005   4.3945063972676219E-003
   6.9451815835571354E-310   1.8989224042723275E-005   4.3954731271708637E-003
   6.9451815835571354E-310  -1.9651839111511441E-005   4.3954673019379106E-003
   6.9451815835571354E-310  -5.8291760302782376E-005   4.3957547387470019E-003
   6.9451815835571354E-310  -9.6928313887919269E-005   4.3963354199290094E-003
   6.9451815835571354E-310  -1.3555927442617080E-004   4.3972093109240981E-003
   6.9451815835571354E-310  -1.7418241680738829E-004   4.3983763602837601E-003
   6.9451815835571354E-310  -2.1279551638019029E-004   4.3998364996738577E-003
   6.9451815835571354E-310  -2.5139634908009966E-004   4.4015896438786171E-003
   6.9451815835571354E-310  -2.8998269155764767E-004   4.4036356908055962E-003
   6.9451815835571354E-310  -3.2855232130643450E-004   4.4059745214916381E-003
   6.9451815835571354E-310  -3.6710301679114229E-004   4.4086060001097861E-003
   6.9451815835571354E-310   3.1760780414130072E-004   4.0715834754693481E-003
   6.9451815835571354E-310   2.8471675577815053E-004   4.0793372908083780E-003
   6.9451815835571354E-310   2.5163704165040429E-004   4.0862421083905200E-003
   6.9451815835571354E-310   2.1839057265470198E-004   4.0922933537013428E-003
   6.9451815835571354E-310   1.8499937016611408E-004   4.0974870176044807E-003
   6.9451815835571354E-310   1.5148555145190476E-004   4.1018196589978021E-003
   6.9451815835571354E-310   1.1787131502175962E-004   4.1052884070933429E-003
   6.9451815835571354E-310   8.4178925924183483E-005   4.1078909633194905E-003
   6.9451815835571354E-310   5.0430700998807467E-005   4.1096256028441041E-003
   6.9451815835571354E-310   1.6648994094379656E-005   4.1104911757176617E-003
   6.9451815835571354E-310  -1.7143818737780855E-005   4.1104871076356056E-003
   6.9451815835571354E-310  -5.0935157191736210E-005   4.1107971446160338E-003
   6.9451815835571354E-310  -8.4722101720538208E-005   4.1114212588987259E-003
   6.9451815835571354E-310  -1.1850173316591770E-004   4.1123593955874425E-003
   6.9451815835571354E-310  -1.5227113301049611E-004   4.1136114726547648E-003
   6.9451815835571354E-310  -1.8602738362994171E-004   4.1151773809492776E-003
   6.9451815835571354E-310  -2.1976756854504795E-004   4.1170569842050595E-003
   6.9451815835571354E-310  -2.5348877267371186E-004   4.1192501190535592E-003
   6.9451815835571354E-310  -2.8718808258279153E-004   4.1217565950377932E-003
   6.9451815835571354E-310  -3.2086258673981921E-004   4.1245761946288716E-003
   6.9451815835571354E-310   2.8425825911450184E-004   3.8538136751795180E-003
   6.9451815835571354E-310   2.5484547232539154E-004   3.8609029499610038E-003
   6.9451815835571354E-310   2.2525647220435831E-004   3.8672165795197661E-003
   6.9451815835571354E-310   1.9551170960294687E-004   3.8727501992114883E-003
   6.9451815835571354E-310   1.6563174305353855E-004   3.8774999835068887E-003
   6.9451815835571354E-310   1.3563722456001899E-004   3.8814626486364241E-003
   6.9451815835571354E-310   1.0554888532382516E-004   3.8846354548605125E-003
   6.9451815835571354E-310   7.5387521415234626E-005   3.8870162083637664E-003
   6.9451815835571354E-310   4.5173979399808103E-005   3.8886032627718828E-003
   6.9451815835571354E-310   1.4929141929912015E-005   3.8893955202901650E-003
   6.9451815835571354E-310  -1.5326086688716036E-005   3.8893924324628956E-003
   6.9451815835571354E-310  -4.5579565170665955E-005   3.8897140717290709E-003
   6.9451815835571354E-310  -7.5827808349573128E-005   3.8903604001648208E-003
   6.9451815835571354E-310  -1.0606733167152672E-004   3.8913313424425119E-003
   6.9451815835571354E-310  -1.3629465159648458E-004   3.8926267858395125E-003
   6.9451815835571354E-310  -1.6650628599957122E-004   3.8942465802512872E-003
   6.9451815835571354E-310  -1.9669875457221171E-004   3.8961905382087778E-003
   6.9451815835571354E-310  -2.2686857922305412E-004   3.8984584349001073E-003
   6.9451815835571354E-310  -2.5701228447863752E-004   3.9010500081965833E-003
   6.9451815835571354E-310  -2.8712639788375498E-004   3.9039649586829830E-003
   6.9451815835571354E-310   2.5829381382833842E-004   3.6752095069441100E-003
   6.9451815835571354E-310   2.3158933187287695E-004   3.6817843969765614E-003
   6.9451815835571354E-310   2.0471804571252307E-004   3.6876404474655410E-003
   6.9451815835571354E-310   1.7769930163404437E-004   3.6927734414706182E-003
   6.9451815835571354E-310   1.5055255210995360E-004   3.6971796826243391E-003
   6.9451815835571354E-310   1.2329734179346429E-004   3.7008559977940881E-003
   6.9451815835571354E-310   9.5953293447067285E-005   3.7037997393671663E-003
   6.9451815835571354E-310   6.8540093814852768E-005   3.7060087871575885E-003
   6.9451815835571354E-310   4.1077479448753702E-005   3.7074815499330890E-003
   6.9451815835571354E-310   1.3585222498913011E-005   3.7082169665613326E-003
   6.9451815835571354E-310  -1.3916883521592795E-005   3.7082145067744684E-003
   6.9451815835571354E-310  -4.1417005924729986E-005   3.7085420646199860E-003
   6.9451815835571354E-310  -6.8911184737946408E-005   3.7091995921379943E-003
   6.9451815835571354E-310  -9.6395460854061579E-005   3.7101869938535583E-003
   6.9451815835571354E-310  -1.2386587660137137E-004   3.7115041267905863E-003
   6.9451815835571354E-310  -1.5131847631354238E-004   3.7131508004925049E-003
   6.9451815835571354E-310  -1.7874930689921797E-004   3.7151267770498104E-003
   6.9451815835571354E-310  -2.0615441841125113E-004   3.7174317711344486E-003
   6.9451815835571354E-310  -2.3352986461548398E-004   3.7200654500410052E-003
   6.9451815835571354E-310  -2.6087170355899023E-004   3.7230274337347342E-003
   6.9451815835571354E-310   2.3726157230881059E-004   3.5238075399900079E-003
   6.9451815835571354E-310   2.1275117100854842E-004   3.5299669499739518E-003
   6.9451815835571354E-310   1.8808140532008361E-004   3.5354534275673544E-003
   6.9451815835571354E-310   1.6327074694144563E-004   3.5402628639776392E-003
   6.9451815835571354E-310   1.3833777308566847E-004   3.5443916573528840E-003
   6.9451815835571354E-310   1.1330115257092979E-004   3.5478367154792930E-003
   6.9451815835571354E-310   8.8179631842085065E-005   3.5505954580970873E-003
   6.9451815835571354E-310   6.2992020934054507E-005   3.5526658188330339E-003
   6.9451815835571354E-310   3.7757179387596396E-005   3.5540462467482368E-003
   6.9451815835571354E-310   1.2494002127982285E-005   3.5547357074999521E-003
   6.9451815835571354E-310  -1.2778594682830098E-005   3.5547336841166162E-003
   6.9451815835571354E-310  -3.8049006879677527E-005   3.5550638684903680E-003
   6.9451815835571354E-310  -6.3312867792002177E-005   3.5557262028381924E-003
   6.9451815835571354E-310  -8.8565811890861998E-005   3.5567205719823679E-003
   6.9451815835571354E-310  -1.1380347554328172E-004   3.5580468033704904E-003
   6.9451815835571354E-310  -1.3902149776627660E-004   3.5597046671054264E-003
   6.9451815835571354E-310  -1.6421552098041479E-004   3.5616938759851480E-003
   6.9451815835571354E-310  -1.8938119176279084E-004   3.5640140855525051E-003
   6.9451815835571354E-310  -2.1451416159927949E-004   3.5666648941548576E-003
   6.9451815835571354E-310  -2.3961008763593878E-004   3.5696458430136109E-003
   6.9451815835571354E-310   2.1975232291375013E-004   3.3925466088191056E-003
   6.9451815835571354E-310   1.9706867531333634E-004   3.3983604129105057E-003
   6.9451815835571354E-310   1.7423173387303735E-004   3.4035394918270003E-003
   6.9451815835571354E-310   1.5125925558633681E-004   3.4080798178549080E-003
   6.9451815835571354E-310   1.2816910285344017E-004   3.4119778599467545E-003
   6.9451815835571354E-310   1.0497922959225165E-004   3.4152305864673907E-003
   6.9451815835571354E-310   8.1707667278172288E-005   3.4178354675517908E-003
   6.9451815835571354E-310   5.8372510923580952E-005   3.4197904770727153E-003
   6.9451815835571354E-310   3.4991905007892429E-005   3.4210940942166527E-003
   6.9451815835571354E-310   1.1584029369141575E-005   3.4217453046668797E-003
   6.9451815835571354E-310  -1.1832914931943438E-005   3.4217436013926840E-003
   6.9451815835571354E-310  -3.5247499271220731E-005   3.4220743751080698E-003
   6.9451815835571354E-310  -5.8655003337490196E-005   3.4227375584555751E-003
   6.9451815835571354E-310  -8.2050708256490513E-005   3.4237330170649983E-003
   6.9451815835571354E-310  -1.0542989754220677E-004   3.4250605495806390E-003
   6.9451815835571354E-310  -1.2878785804769805E-004   3.4267198877020052E-003
   6.9451815835571354E-310  -1.5211988091524715E-004   3.4287106962380570E-003
   6.9451815835571354E-310  -1.7542126252564482E-004   3.4310325731749052E-003
   6.9451815835571354E-310  -1.9868730544641606E-004   3.4336850497569942E-003
   6.9451815835571354E-310  -2.2191331937879694E-004   3.4366675905817372E-003
   6.9451815835571354E-310   2.0487833614496524E-004   3.2768611154410207E-003
   6.9451815835571354E-310   1.8374665066511409E-004   3.2823811233364071E-003
   6.9451815835571354E-310   1.6246674133850577E-004   3.2872989034391062E-003
   6.9451815835571354E-310   1.4105576727753232E-004   3.2916104896383060E-003
   6.9451815835571354E-310   1.1953099329731953E-004   3.2953124046295650E-003
   6.9451815835571354E-310   9.7909775994178353E-005   3.2984016627192352E-003
   6.9451815835571354E-310   7.6209549750038869E-005   3.3008757722325184E-003
   6.9451815835571354E-310   5.4447812674144128E-005   3.3027327375231533E-003
   6.9451815835571354E-310   3.2642112493344125E-005   3.3039710605831259E-003
   6.9451815835571354E-310   1.0810032402365757E-005   3.3045897422511166E-003
   6.9451815835571354E-310  -1.1030823114534236E-005   3.3045882830186634E-003
   6.9451815835571354E-310  -3.2869164032065735E-005   3.3049183325846582E-003
   6.9451815835571354E-310  -5.4699958878441322E-005   3.3055798142778447E-003
   6.9451815835571354E-310  -7.6518177930007440E-005   3.3065725750663342E-003
   6.9451815835571354E-310  -9.8318794370073182E-005   3.3078963855929840E-003
   6.9451815835571354E-310  -1.2009678544706437E-004   3.3095509402283970E-003
   6.9451815835571354E-310  -1.4184713363174089E-004   3.3115358571414923E-003
   6.9451815835571354E-310  -1.6356482777320750E-004   3.3138506783876066E-003
   6.9451815835571354E-310  -1.8524486425345314E-004   3.3164948700141529E-003
   6.9451815835571354E-310  -2.0688224814015234E-004   3.3194678221837868E-003
   6.9451815835571354E-310   1.9204349265889781E-004   3.1736072758182187E-003
   6.9451815835571354E-310   1.7225111810974258E-004   3.1788732962520719E-003
   6.9451815835571354E-310   1.5231483126809862E-004   3.1835651984936280E-003
   6.9451815835571354E-310   1.3225128191645210E-004   3.1876790634965775E-003
   6.9451815835571354E-310   1.1207722613803560E-004   3.1912114549624607E-003
   6.9451815835571354E-310   9.1809512322975711E-005   3.1941594222109747E-003
   6.9451815835571354E-310   7.1465067097337134E-005   3.1965205026447457E-003
   6.9451815835571354E-310   5.1060881186815169E-005   3.1982927238064745E-003
   6.9451815835571354E-310   3.0613995226877512E-005   3.1994746050267361E-003
   6.9451815835571354E-310   1.0141485531210828E-005   3.2000651586610489E-003
   6.9451815835571354E-310  -1.0339550169642005E-005   3.2000638909152200E-003
   6.9451815835571354E-310  -3.0817933664168392E-005   3.2003923480002387E-003
   6.9451815835571354E-310  -5.1288357050815096E-005   3.2010504441916522E-003
   6.9451815835571354E-310  -7.1745514500749376E-005   3.2020380083241620E-003
   6.9451815835571354E-310  -9.2184103633101433E-005   3.2033547838361404E-003
   6.9451815835571354E-310  -1.1259882688931232E-004   3.2050004288362954E-003
   6.9451815835571354E-310  -1.3298439290622950E-004   3.2069745161924274E-003
   6.9451815835571354E-310  -1.5333551788759291E-004   3.2092765336422971E-003
   6.9451815835571354E-310  -1.7364692697355858E-004   3.2119058839265549E-003
   6.9451815835571354E-310  -1.9391335560790270E-004   3.2148618849436967E-003
   6.9451815835571354E-310   1.8082815047367742E-004   3.0805179581173017E-003
   6.9451815835571354E-310   1.6220618067982226E-004   3.0855614313426254E-003
   6.9451815835571354E-310   1.4344401872947365E-004   3.0900554301165973E-003
   6.9451815835571354E-310   1.2455787412577480E-004   3.0939960712936471E-003
   6.9451815835571354E-310   1.0556406350303403E-004   3.0973799497997956E-003
   6.9451815835571354E-310   8.6478996530008179E-005   3.1002041415749263E-003
   6.9451815835571354E-310   6.7319161732801763E-005   3.1024662060995223E-003
   6.9451815835571354E-310   4.8101112249617823E-005   3.1041641885036289E-003
   6.9451815835571354E-310   2.8841451529675307E-005   3.1052966212562496E-003
   6.9451815835571354E-310   9.5568189886477341E-006   3.1058625254337022E-003
   6.9451815835571354E-310  -9.7361243669897321E-006   3.1058614115658462E-003
   6.9451815835571354E-310  -2.9026292122494139E-005   3.1061876949542945E-003
   6.9451815835571354E-310  -4.8308128818948298E-005   3.1068412810755911E-003
   6.9451815835571354E-310  -6.7576081406163404E-005   3.1078219811450218E-003
   6.9451815835571354E-310  -8.6824600841922515E-005   3.1091295121711536E-003
   6.9451815835571354E-310  -1.0604814369006806E-004   3.1107634970374922E-003
   6.9451815835571354E-310  -1.2524117371697158E-004   3.1127234646112466E-003
   6.9451815835571354E-310  -1.4439816348592703E-004   3.1150088498791795E-003
   6.9451815835571354E-310  -1.6351359594900768E-004   3.1176189941104805E-003
   6.9451815835571354E-310  -1.8258196603592781E-004   3.1205531450466339E-003
   6.9451815835571354E-310   1.7092598820534556E-004   2.9958992402305475E-003
   6.9451815835571354E-310   1.5333745268675969E-004   3.0007455476337049E-003
   6.9451815835571354E-310   1.3561197341385039E-004   3.0050642259487567E-003
   6.9451815835571354E-310   1.1776537468709536E-004   3.0088514191644079E-003
   6.9451815835571354E-310   9.9813588951692348E-005   3.0121037457493038E-003
   6.9451815835571354E-310   8.1772642573963903E-005   3.0148183016713371E-003
   6.9451815835571354E-310   6.3658641533896731E-005   3.0169926629906997E-003
   6.9451815835571354E-310   4.5487757046596994E-005   3.0186248880242979E-003
   6.9451815835571354E-310   2.7276211125491250E-005   3.0197135190796784E-003
   6.9451815835571354E-310   9.0402621001615697E-006   3.0202575837568351E-003
   6.9451815835571354E-310  -9.2038098982526835E-006   3.0202565958167907E-003
   6.9451815835571354E-310  -2.7444994918231246E-005   3.0205803156799081E-003
   6.9451815835571354E-310  -4.5677514276102379E-005   3.0212286402684385E-003
   6.9451815835571354E-310  -6.3895592042770627E-005   3.0222013636721462E-003
   6.9451815835571354E-310  -8.2093456873488357E-005   3.0234981772136959E-003
   6.9451815835571354E-310  -1.0026534383617269E-004   3.0251186695466159E-003
   6.9451815835571354E-310  -1.1840549623768799E-004   3.0270623267857704E-003
   6.9451815835571354E-310  -1.3650816744751495E-004   3.0293285326703214E-003
   6.9451815835571354E-310  -1.5456762271823016E-004   3.0319165687591240E-003
   6.9451815835571354E-310  -1.7257814100221668E-004   3.0348256146584857E-003
   6.9451815835571354E-310   1.6210682342137272E-004   2.9184493778291912E-003
   6.9451815835571354E-310   1.4543875012029104E-004   2.9231193807225967E-003
   6.9451815835571354E-310   1.2863659815847754E-004   2.9272812995208221E-003
   6.9451815835571354E-310   1.1171585138740227E-004   2.9309312983365897E-003
   6.9451815835571354E-310   9.4692102963958087E-005   2.9340660130374860E-003
   6.9451815835571354E-310   7.7581040980731424E-005   2.9366825543466180E-003
   6.9451815835571354E-310   6.0398434008772809E-005   2.9387785105056750E-003
   6.9451815835571354E-310   4.3160116566185090E-005   2.9403519494979116E-003
   6.9451815835571354E-310   2.5881974525933724E-005   2.9414014208290823E-003
   6.9451815835571354E-310   8.5799304763046623E-006   2.9419259568645552E-003
   6.9451815835571354E-310  -8.7300709524746825E-006   2.9419250737215312E-003
   6.9451815835571354E-310  -2.6037084288531329E-005   2.9422459715726665E-003
   6.9451815835571354E-310  -4.3335128366493790E-005   2.9428885390196400E-003
   6.9451815835571354E-310  -6.0618225129963142E-005   2.9438525534977744E-003
   6.9451815835571354E-310  -7.7880401697477913E-005   2.9451376813531310E-003
   6.9451815835571354E-310  -9.5115692426687981E-005   2.9467434779579904E-003
   6.9451815835571354E-310  -1.1231814097602299E-004   2.9486693878646771E-003
   6.9451815835571354E-310  -1.2948180236314376E-004   2.9509147449976922E-003
   6.9451815835571354E-310  -1.4660074501946429E-004   2.9534787728840817E-003
   6.9451815835571354E-310  -1.6366905284003575E-004   2.9563605849219450E-003
   6.9451815835571354E-310   1.5419356142437347E-004   2.8471450114615697E-003
   6.9451815835571354E-310   1.3835144580692137E-004   2.8516561152391153E-003
   6.9451815835571354E-310   1.2237780029345492E-004   2.8556767602823537E-003
   6.9451815835571354E-310   1.0628780521911737E-004   2.8592031251372324E-003
   6.9451815835571354E-310   9.0096751505338373E-005   2.8622318580823290E-003
   6.9451815835571354E-310   7.3820026128305474E-005   2.8647600803145931E-003
   6.9451815835571354E-310   5.7473097496130659E-005   2.8667853886856264E-003
   6.9451815835571354E-310   4.1071500748617146E-005   2.8683058579859529E-003
   6.9451815835571354E-310   2.4630822993598997E-005   2.8693200427750793E-003
   6.9451815835571354E-310   8.1666884938708724E-006   2.8698269787555963E-003
   6.9451815835571354E-310  -8.3052561811992697E-006   2.8698261836900595E-003
   6.9451815835571354E-310  -2.4774120507119065E-005   2.8701440924444903E-003
   6.9451815835571354E-310  -4.1233738694523014E-005   2.8707805855223653E-003
   6.9451815835571354E-310  -5.7677948424894525E-005   2.8717354241522253E-003
   6.9451815835571354E-310  -7.4100593157675360E-005   2.8730082503772864E-003
   6.9451815835571354E-310  -9.0495524435211302E-005   2.8745985871896124E-003
   6.9451815835571354E-310  -1.0685660418466708E-004   2.8765058387088802E-003
   6.9451815835571354E-310  -1.2317770701604960E-004   2.8787292904056553E-003
   6.9451815835571354E-310  -1.3945272251547950E-004   2.8812681093690726E-003
   6.9451815835571354E-310  -1.5567555753285325E-004   2.8841213446188590E-003
   6.9451815835571354E-310   1.4704721414574771E-004   2.7811661109541563E-003
   6.9451815835571354E-310   1.3195104353966260E-004   2.7855330240474877E-003
   6.9451815835571354E-310   1.1672562729143394E-004   2.7894254813400120E-003
   6.9451815835571354E-310   1.0138587310414854E-004   2.7928396711323759E-003
   6.9451815835571354E-310   8.5946800647523168E-005   2.7957722500127988E-003
   6.9451815835571354E-310   7.0423526851642147E-005   2.7982203461311929E-003
   6.9451815835571354E-310   5.4831251105446553E-005   2.8001815620115372E-003
   6.9451815835571354E-310   3.9185240374471235E-005   2.8016539768997619E-003
   6.9451815835571354E-310   2.3500814252404829E-005   2.8026361486449018E-003
   6.9451815835571354E-310   7.7933299611016390E-006   2.8031271151115768E-003
   6.9451815835571354E-310  -7.9218326862613269E-006   2.8031263951225332E-003
   6.9451815835571354E-310  -2.3633830425224430E-005   2.8034412131346244E-003
   6.9451815835571354E-310  -3.9336328347009525E-005   2.8040714417639362E-003
   6.9451815835571354E-310  -5.5022995382151604E-005   2.8050168264564879E-003
   6.9451815835571354E-310  -7.0687506853114488E-005   2.8062769855910180E-003
   6.9451815835571354E-310  -8.6323547024325244E-005   2.8078514106330528E-003
   6.9451815835571354E-310  -1.0192481164860015E-004   2.8097394663401188E-003
   6.9451815835571354E-310  -1.1748501050893471E-004   2.8119403910180441E-003
   6.9451815835571354E-310  -1.3299786995463355E-004   2.8144532968282510E-003
   6.9451815835571354E-310  -1.4845713543075668E-004   2.8172771701459017E-003
   6.9451815835571354E-310   1.4055690317938492E-004   2.7198450878465918E-003
   6.9451815835571354E-310   1.2613823064929863E-004   2.7240803763884840E-003
   6.9451815835571354E-310   1.1159237300254024E-004   2.7278558256531712E-003
   6.9451815835571354E-310   9.6933991431179478E-005   2.7311676298086909E-003
   6.9451815835571354E-310   8.2177860557605261E-005   2.7340124503446514E-003
   6.9451815835571354E-310   6.7338853542744619E-005   2.7363874194376884E-003
   6.9451815835571354E-310   5.2431927094941791E-005   2.7382901428424683E-003
   6.9451815835571354E-310   3.7472106394616082E-005   2.7397187023053653E-003
   6.9451815835571354E-310   2.2474469949885879E-005   2.7406716574983670E-003
   6.9451815835571354E-310   7.4541343984375289E-006   2.7411480474712840E-003
   6.9451815835571354E-310  -7.5737607290635541E-006   2.7411473916207395E-003
   6.9451815835571354E-310  -2.2598413140010202E-005   2.7414590635474424E-003
   6.9451815835571354E-310  -3.7613332368783707E-005   2.7420829281800656E-003
   6.9451815835571354E-310  -5.2612032163377908E-005   2.7430187155839561E-003
   6.9451815835571354E-310  -6.7588033287375288E-005   2.7442660210779345E-003
   6.9451815835571354E-310  -8.2534866318891128E-005   2.7458243054092929E-003
   6.9451815835571354E-310  -9.7446074445271523E-005   2.7476928949869256E-003
   6.9451815835571354E-310  -1.1231521625234292E-004   2.7498709821725119E-003
   6.9451815835571354E-310  -1.2713586850700376E-004   2.7523576256295859E-003
   6.9451815835571354E-310  -1.4190162893195962E-004   2.7551517507303654E-003
   6.9451815835571354E-310   1.3463279740980427E-004   2.6626309972965397E-003
   6.9451815835571354E-310   1.2083254059233191E-004   2.6667455020376357E-003
   6.9451815835571354E-310   1.0690696811739462E-004   2.6704135878559102E-003
   6.9451815835571354E-310   9.2870516977324946E-005   2.6736314515254352E-003
   6.9451815835571354E-310   7.8737739128968305E-005   2.6763957565771441E-003
   6.9451815835571354E-310   6.4523286407288923E-005   2.6787036367583047E-003
   6.9451815835571354E-310   5.0241895335419068E-005   2.6805526990044816E-003
   6.9451815835571354E-310   3.5908371846886001E-005   2.6819410259209119E-003
   6.9451815835571354E-310   2.1537575935870224E-005   2.6828671777707749E-003
   6.9451815835571354E-310   7.1444062514065636E-006   2.6833301939682267E-003
   6.9451815835571354E-310  -7.2562153485093288E-006   2.6833295940747125E-003
   6.9451815835571354E-310  -2.1653522359149632E-005   2.6836380992362858E-003
   6.9451815835571354E-310  -3.6040880701394828E-005   2.6842555668832495E-003
   6.9451815835571354E-310  -5.0411660889238317E-005   2.6851817120803704E-003
   6.9451815835571354E-310  -6.4759241084556311E-005   2.6864161076583792E-003
   6.9451815835571354E-310  -7.9077010148350654E-005   2.6879581844109837E-003
   6.9451815835571354E-310  -9.3358370687057597E-005   2.6898072313573597E-003
   6.9451815835571354E-310  -1.0759674209251895E-004   2.6919623960699295E-003
   6.9451815835571354E-310  -1.2178556357421426E-004   2.6944226850673554E-003
   6.9451815835571354E-310  -1.3591829718235740E-004   2.6971869642725024E-003
   6.9451815835571354E-310   1.2920134577049051E-004   2.6090635467959267E-003
   6.9451815835571354E-310   1.1596809632347164E-004   2.6130666971473401E-003
   6.9451815835571354E-310   1.0261123601309009E-004   2.6166358082571300E-003
   6.9451815835571354E-310   8.9144996858994452E-005   2.6197670767491750E-003
   6.9451815835571354E-310   7.5583727439772100E-005   2.6224571657782105E-003
   6.9451815835571354E-310   6.1941877604223961E-005   2.6247032085857740E-003
   6.9451815835571354E-310   4.8233983074709268E-005   2.6265028115552121E-003
   6.9451815835571354E-310   3.4474649958981380E-005   2.6278540567625818E-003
   6.9451815835571354E-310   2.0678539187012903E-005   2.6287555040206689E-003
   6.9451815835571354E-310   6.8603508893879382E-006   2.6292061924139782E-003
   6.9451815835571354E-310  -6.9651912660831567E-006   2.6292056413230306E-003
   6.9451815835571354E-310  -2.0787352229922647E-005   2.6295109832473536E-003
   6.9451815835571354E-310  -3.4599364887995604E-005   2.6301220682980616E-003
   6.9451815835571354E-310  -4.8394467103430944E-005   2.6310385968993104E-003
   6.9451815835571354E-310  -6.2165905027253455E-005   2.6322601199351538E-003
   6.9451815835571354E-310  -7.5906936404953945E-005   2.6337860389696187E-003
   6.9451815835571354E-310  -8.9610833877378122E-005   2.6356156065398904E-003
   6.9451815835571354E-310  -1.0327088827432056E-004   2.6377479265224479E-003
   6.9451815835571354E-310  -1.1688041189920721E-004   2.6401819545719876E-003
   6.9451815835571354E-310  -1.3043274180326163E-004   2.6429164986329144E-003
   6.9451815835571354E-310   1.2420158689151406E-004   2.5587543906448241E-003
   6.9451815835571354E-310   1.1149029898148251E-004   2.5626544501717828E-003
   6.9451815835571354E-310   9.8656961985844687E-005   2.5661319378797315E-003
   6.9451815835571354E-310   8.5715619647807351E-005   2.5691830478968866E-003
   6.9451815835571354E-310   7.2680433915815119E-005   2.5718044409441900E-003
   6.9451815835571354E-310   5.9565669445874728E-005   2.5739932479899559E-003
   6.9451815835571354E-310   4.6385677991460104E-005   2.5757470733899428E-003
   6.9451815835571354E-310   3.3154882698101625E-005   2.5770639975093877E-003
   6.9451815835571354E-310   1.9887762319829570E-005   2.5779425788241264E-003
   6.9451815835571354E-310   6.5988353747495928E-006   2.5783818554984887E-003
   6.9451815835571354E-310  -6.6973557429076053E-006   2.5783813464383006E-003
   6.9451815835571354E-310  -1.9990103781823369E-005   2.5786835457845426E-003
   6.9451815835571354E-310  -3.3272518013384448E-005   2.5792882964993445E-003
   6.9451815835571354E-310  -4.6537713074561900E-005   2.5801952847075826E-003
   6.9451815835571354E-310  -5.9778812537160394E-005   2.5814040398597919E-003
   6.9451815835571354E-310  -7.2988952472427928E-005   2.5829139349762826E-003
   6.9451815835571354E-310  -8.6161285009183752E-005   2.5847241869723626E-003
   6.9451815835571354E-310  -9.9288981883617410E-005   2.5868338570644617E-003
   6.9451815835571354E-310  -1.1236523797891857E-004   2.5892418512569871E-003
   6.9451815835571354E-310  -1.2538327485290412E-004   2.5919469209096224E-003
   6.9451815835571354E-310   1.1958239692149495E-004   2.5113727808063284E-003
   6.9451815835571354E-310   1.0735334949506901E-004   2.5151770423760674E-003
   6.9451815835571354E-310   9.5003689765721873E-005   2.5185693944921555E-003
   6.9451815835571354E-310   8.2547287799822379E-005   2.5215460267765683E-003
   6.9451815835571354E-310   6.9998133560172839E-005   2.5241035957519263E-003
   6.9451815835571354E-310   5.7370321193684647E-005   2.5262392285970510E-003
   6.9451815835571354E-310   4.4678033202023360E-005   2.5279505263738939E-003
   6.9451815835571354E-310   3.1935524513013872E-005   2.5292355667222424E-003
   6.9451815835571354E-310   1.9157106470681819E-005   2.5300929060191623E-003
   6.9451815835571354E-310   6.3571307619240958E-006   2.5305215810007961E-003
   6.9451815835571354E-310  -6.4500267021485837E-006   2.5305211098446113E-003
   6.9451815835571354E-310  -1.9253683386346752E-005   2.5308202019706716E-003
   6.9451815835571354E-310  -3.2046833377956784E-005   2.5314186933526389E-003
   6.9451815835571354E-310  -4.4822476521952803E-005   2.5323162561388135E-003
   6.9451815835571354E-310  -5.7573622251340744E-005   2.5335123988317236E-003
   6.9451815835571354E-310  -7.0293293412252095E-005   2.5350064665572622E-003
   6.9451815835571354E-310  -8.2974530081692931E-005   2.5367976414232309E-003
   6.9451815835571354E-310  -9.5610393375859597E-005   2.5388849429670681E-003
   6.9451815835571354E-310  -1.0819396924693820E-004   2.5412672286925426E-003
   6.9451815835571354E-310  -1.2071837226630945E-004   2.5439431946951072E-003
   6.9451815835571354E-310   1.1530076268691011E-004   2.4666346348507025E-003
   6.9451815835571354E-310   1.0351872843993227E-004   2.4703495701075499E-003
   6.9451815835571354E-310   9.1617408626978311E-005   2.4736625435958118E-003
   6.9451815835571354E-310   7.9610512485931993E-005   2.4765697387021152E-003
   6.9451815835571354E-310   6.7511870881531018E-005   2.4790678062330831E-003
   6.9451815835571354E-310   5.5335420373459754E-005   2.4811538682737240E-003
   6.9451815835571354E-310   4.3095187162671395E-005   2.4828255215029720E-003
   6.9451815835571354E-310   3.0805270934432645E-005   2.4840808399624829E-003
   6.9451815835571354E-310   1.8479828616716593E-005   2.4849183772756179E-003
   6.9451815835571354E-310   6.1330580726337417E-006   2.4853371683139368E-003
   6.9451815835571354E-310  -6.2208182542986733E-006   2.4853367303093728E-003
   6.9451815835571354E-310  -1.8571139893793431E-005   2.4856327586011942E-003
   6.9451815835571354E-310  -3.0910793325206817E-005   2.4862250823275904E-003
   6.9451815835571354E-310  -4.3232671181095493E-005   2.4871133599670167E-003
   6.9451815835571354E-310  -5.5529676340901419E-005   2.4882970795351285E-003
   6.9451815835571354E-310  -6.7794726018731986E-005   2.4897755588798700E-003
   6.9451815835571354E-310  -8.0020755842877771E-005   2.4915479460745908E-003
   6.9451815835571354E-310  -9.2200723924720264E-005   2.4936132199089335E-003
   6.9451815835571354E-310  -1.0432761491468377E-004   2.4959701904772391E-003
   6.9451815835571354E-310  -1.1639444404289700E-004   2.4986174998641022E-003
   6.9451815835571354E-310   1.1131991148857934E-004   2.4242944586548611E-003
   6.9451815835571354E-310   9.9953491736180092E-005   2.4279258464796204E-003
   6.9451815835571354E-310   8.8469015873543280E-005   2.4311645821206138E-003
   6.9451815835571354E-310   7.6880043675714096E-005   2.4340068412303305E-003
   6.9451815835571354E-310   6.5200258309320723E-005   2.4364492675831759E-003
   6.9451815835571354E-310   5.3443450176779707E-005   2.4384889770386288E-003
   6.9451815835571354E-310   4.1623500633876034E-005   2.4401235609469631E-003
   6.9451815835571354E-310   2.9754365599933140E-005   2.4413510889935799E-003
   6.9451815835571354E-310   1.7850059079939942E-005   2.4421701114785504E-003
   6.9451815835571354E-310   5.9246366180727039E-006   2.4425796610286999E-003
   6.9451815835571354E-310  -6.0078212978352676E-006   2.4425792537402144E-003
   6.9451815835571354E-310  -1.7936674005234287E-005   2.4428722698137647E-003
   6.9451815835571354E-310  -2.9854707215155438E-005   2.4434585316964073E-003
   6.9451815835571354E-310  -4.1754713190460146E-005   2.4443376844871384E-003
   6.9451815835571354E-310  -5.3629495104903308E-005   2.4455091961517609E-003
   6.9451815835571354E-310  -6.5471871395594744E-005   2.4469723578448305E-003
   6.9451815835571354E-310  -7.7274680106223514E-005   2.4487262843385753E-003
   6.9451815835571354E-310  -8.9030783218419732E-005   2.4507699145584487E-003
   6.9451815835571354E-310  -1.0073307096863487E-004   2.4531020122250673E-003
   6.9451815835571354E-310  -1.1237446614792800E-004   2.4557211666020751E-003
   6.9451815835571354E-310   1.0760846155341313E-004   2.3841380930702178E-003
   6.9451815835571354E-310   9.6629528540527303E-005   2.3876911156406407E-003
   6.9451815835571354E-310   8.5533682316105941E-005   2.3908602234042862E-003
   6.9451815835571354E-310   7.4334343309816715E-005   2.3936415829786911E-003
   6.9451815835571354E-310   6.3045057137897716E-005   2.3960318299631632E-003
   6.9451815835571354E-310   5.1679478219719227E-005   2.3980280730084551E-003
   6.9451815835571354E-310   4.0251353262720974E-005   2.3996278973142378E-003
   6.9451815835571354E-310   2.8774504635730588E-005   2.4008293675502525E-003
   6.9451815835571354E-310   1.7262813650740897E-005   2.4016310301974873E-003
   6.9451815835571354E-310   5.7302037733870541E-006   2.4020319153066258E-003
   6.9451815835571354E-310  -5.8093762175745613E-006   2.4020315376716106E-003
   6.9451815835571354E-310  -1.7345303519411675E-005   2.4023215987607070E-003
   6.9451815835571354E-310  -2.8870269266381490E-005   2.4029019144662846E-003
   6.9451815835571354E-310  -4.0376971546066661E-005   2.4037721167829754E-003
   6.9451815835571354E-310  -5.1858120025671833E-005   2.4049316540410595E-003
   6.9451815835571354E-310  -6.3306440570981071E-005   2.4063797912561935E-003
   6.9451815835571354E-310  -7.4714679855044714E-005   2.4081156105952893E-003
   6.9451815835571354E-310  -8.6075609953678974E-005   2.4101380119582309E-003
   6.9451815835571354E-310  -9.7382032924866091E-005   2.4124457136750917E-003
   6.9451815835571354E-310  -1.0862678536915251E-004   2.4150372533183659E-003
   6.9451815835571354E-310   1.0413955926923654E-004   2.3459784148517414E-003
   6.9451815835571354E-310   9.3522818019048905E-005   2.3494577357696992E-003
   6.9451815835571354E-310   8.2790228887235769E-005   2.3525613634069113E-003
   6.9451815835571354E-310   7.1955081994067390E-005   2.3552854542193578E-003
   6.9451815835571354E-310   6.1030794468440189E-005   2.3576266346420770E-003
   6.9451815835571354E-310   5.0030893833494925E-005   2.3595820052670705E-003
   6.9451815835571354E-310   3.8969001255507633E-005   2.3611491444340375E-003
   6.9451815835571354E-310   2.7858814676813345E-005   2.3623261112295101E-003
   6.9451815835571354E-310   1.6714091853645298E-005   2.3631114478907056E-003
   6.9451815835571354E-310   5.5486333198871560E-006   2.3635041816110554E-003
   6.9451815835571354E-310  -5.6237347021550273E-006   2.3635038257452533E-003
   6.9451815835571354E-310  -1.6792405498127072E-005   2.3637909847949350E-003
   6.9451815835571354E-310  -2.7949981255046462E-005   2.3643654682321846E-003
   6.9451815835571354E-310  -3.9089071517253401E-005   2.3652268952136235E-003
   6.9451815835571354E-310  -5.0202298081636473E-005   2.3663746948328571E-003
   6.9451815835571354E-310  -6.1282299884735439E-005   2.3678081064988639E-003
   6.9451815835571354E-310  -7.2321737878485514E-005   2.3695261804399861E-003
   6.9451815835571354E-310  -8.3313299891374666E-005   2.3715277783332499E-003
   6.9451815835571354E-310  -9.4249705471792256E-005   2.3738115740585702E-003
   6.9451815835571354E-310  -1.0512371071036278E-004   2.3763760545773469E-003
   6.9451815835571354E-310   1.0088940821913985E-004   2.3096504332544526E-003
   6.9451815835571354E-310   9.0612015423776371E-005   2.3130602790122604E-003
   6.9451815835571354E-310   8.0219770705936108E-005   2.3161021862063299E-003
   6.9451815835571354E-310   6.9725841987544886E-005   2.3187723001379151E-003
   6.9451815835571354E-310   5.9143526044992206E-005   2.3210672372044419E-003
   6.9451815835571354E-310   4.8486231660892139E-005   2.3229840891872615E-003
   6.9451815835571354E-310   3.7767462633901572E-005   2.3245204269370383E-003
   6.9451815835571354E-310   2.7000800668132820E-005   2.3256743034521200E-003
   6.9451815835571354E-310   1.6199888163835269E-005   2.3264442563459497E-003
   6.9451815835571354E-310   5.3784109311599240E-006   2.3268293097004878E-003
   6.9451815835571354E-310  -5.4499191510989502E-006   2.3268289753031555E-003
   6.9451815835571354E-310  -1.6274509985330604E-005   2.3271132943113305E-003
   6.9451815835571354E-310  -2.7087879945758348E-005   2.3276820699004853E-003
   6.9451815835571354E-310  -3.7882555170330437E-005   2.3285349086385144E-003
   6.9451815835571354E-310  -4.8651074726418689E-005   2.3296712207578900E-003
   6.9451815835571354E-310  -5.9385995767574938E-005   2.3310902205634981E-003
   6.9451815835571354E-310  -7.0079898677782314E-005   2.3327909269759057E-003
   6.9451815835571354E-310  -8.0725392199643581E-005   2.3347721642096651E-003
   6.9451815835571354E-310  -9.1315118542963981E-005   2.3370325625861966E-003
   6.9451815835571354E-310  -1.0184175847019631E-004   2.3395705594806801E-003
   6.9451815835571354E-310   9.7837387190169092E-005   2.2750081223516200E-003
   6.9451815835571354E-310   8.7878638476611196E-005   2.2783523353794998E-003
   6.9451815835571354E-310   7.7805971424834539E-005   2.2813359404986700E-003
   6.9451815835571354E-310   6.7632439068034323E-005   2.2839550709800546E-003
   6.9451815835571354E-310   5.7371225160750318E-005   2.2862063324125470E-003
   6.9451815835571354E-310   4.7035627094198698E-005   2.2880868071021793E-003
   6.9451815835571354E-310   3.6639038664335838E-005   2.2895940578535451E-003
   6.9451815835571354E-310   2.6194932714971935E-005   2.2907261311285237E-003
   6.9451815835571354E-310   1.5716843678439309E-005   2.2914815595782463E-003
   6.9451815835571354E-310   5.2183500364282585E-006   2.2918593639450298E-003
   6.9451815835571354E-310  -5.2869432762700849E-006   2.2918590543317624E-003
   6.9451815835571354E-310  -1.5788457523970131E-005   2.2921405995666266E-003
   6.9451815835571354E-310  -2.6278631964770162E-005   2.2927037966437602E-003
   6.9451815835571354E-310  -3.6749914029173065E-005   2.2935482397774239E-003
   6.9451815835571354E-310  -4.7194764757679732E-005   2.2946733206943783E-003
   6.9451815835571354E-310  -5.7605664228578581E-005   2.2960782290720291E-003
   6.9451815835571354E-310  -6.7975116972021098E-005   2.2977619531220563E-003
   6.9451815835571354E-310  -7.8295657366489159E-005   2.2997232803190848E-003
   6.9451815835571354E-310  -8.8559855013765535E-005   2.3019607982738732E-003
   6.9451815835571354E-310  -9.8760320088538828E-005   2.3044728957504084E-003
   6.9451815835571354E-310   9.4966205170222051E-005   2.2419215867899916E-003
   6.9451815835571354E-310   8.5307271303468720E-005   2.2452036513563593E-003
   6.9451815835571354E-310   7.5535295591384216E-005   2.2481320520989778E-003
   6.9451815835571354E-310   6.5663222791146085E-005   2.2507029095123880E-003
   6.9451815835571354E-310   5.5704130267870527E-005   2.2529128177224212E-003
   6.9451815835571354E-310   4.5671210671249424E-005   2.2547588489983169E-003
   6.9451815835571354E-310   3.5577754459463004E-005   2.2562385576314452E-003
   6.9451815835571354E-310   2.5437132293505314E-005   2.2573499831754756E-003
   6.9451815835571354E-310   1.5262777325258920E-005   2.2580916530437587E-003
   6.9451815835571354E-310   5.0681674027690824E-006   2.2584625844604420E-003
   6.9451815835571354E-310  -5.1331927837018507E-006   2.2584622857627162E-003
   6.9451815835571354E-310  -1.5330736566810356E-005   2.2587411065338853E-003
   6.9451815835571354E-310  -2.5516828391162203E-005   2.2592988377090673E-003
   6.9451815835571354E-310  -3.5683841284219931E-005   2.2601350613853737E-003
   6.9451815835571354E-310  -4.5824162567101477E-005   2.2612491511350354E-003
   6.9451815835571354E-310  -5.5930199554668947E-005   2.2626402724746737E-003
   6.9451815835571354E-310  -6.5994385240640866E-005   2.2643073834903546E-003
   6.9451815835571354E-310  -7.6009183963471555E-005   2.2662492356179519E-003
   6.9451815835571354E-310  -8.5967097048754516E-005   2.2684643745782421E-003
   6.9451815835571354E-310  -9.5860668423925036E-005   2.2709511414660375E-003
   6.9451815835571354E-310   9.2259321662952823E-005   2.2102750068573426E-003
   6.9451815835571354E-310   8.2883026331166969E-005   2.2134981278357740E-003
   6.9451815835571354E-310   7.3394514519308895E-005   2.2163741754009608E-003
   6.9451815835571354E-310   6.3806628707576646E-005   2.2188992565910426E-003
   6.9451815835571354E-310   5.4132345887544480E-005   2.2210699534691977E-003
   6.9451815835571354E-310   4.4384759998084363E-005   2.2228833277501358E-003
   6.9451815835571354E-310   3.4577064202999584E-005   2.2243369247773983E-003
   6.9451815835571354E-310   2.4722533034338508E-005   2.2254287768461020E-003
   6.9451815835571354E-310   1.4834504425563724E-005   2.2261574058665542E-003
   6.9451815835571354E-310   4.9263616588951194E-006   2.2265218253652228E-003
   6.9451815835571354E-310  -4.9884847487378274E-006   2.2265215418202987E-003
   6.9451815835571354E-310  -1.4899479238760120E-005   2.2267977049018586E-003
   6.9451815835571354E-310  -2.4798915404359819E-005   2.2273500995905154E-003
   6.9451815835571354E-310  -3.4679095833994343E-005   2.2281782960799578E-003
   6.9451815835571354E-310  -4.4532338096597112E-005   2.2292816501113732E-003
   6.9451815835571354E-310  -5.4350980715125747E-005   2.2306593034746194E-003
   6.9451815835571354E-310  -6.4127389123812387E-005   2.2323101846757521E-003
   6.9451815835571354E-310  -7.3853961604482997E-005   2.2342330097704110E-003
   6.9451815835571354E-310  -8.3523135197328952E-005   2.2364262833623654E-003
   6.9451815835571354E-310  -9.3127391581535824E-005   2.2388882997665129E-003
   6.9451815835571354E-310   8.9702995124773196E-005   2.1799641341857337E-003
   6.9451815835571354E-310   8.0593614011606281E-005   2.1831312444382618E-003
   6.9451815835571354E-310   7.1372794982504692E-005   2.1859575475342706E-003
   6.9451815835571354E-310   6.2053283714981938E-005   2.1884391364644087E-003
   6.9451815835571354E-310   5.2647962316839102E-005   2.1905725807081812E-003
   6.9451815835571354E-310   4.3169831519580086E-005   2.1923549309762610E-003
   6.9451815835571354E-310   3.3631992707833732E-005   2.1937837232875981E-003
   6.9451815835571354E-310   2.4047629809638207E-005   2.1948569823757084E-003
   6.9451815835571354E-310   1.4429991072609295E-005   2.1955732244194389E-003
   6.9451815835571354E-310   4.7923707511876622E-006   2.1959314590943926E-003
   6.9451815835571354E-310  -4.8519092697201437E-006   2.1959311909422337E-003
   6.9451815835571354E-310  -1.4492303636527389E-005   2.1962047586348622E-003
   6.9451815835571354E-310  -2.4121038734904818E-005   2.1967519413007967E-003
   6.9451815835571354E-310  -3.3730350359962760E-005   2.1975722974368929E-003
   6.9451815835571354E-310  -4.3312489976977748E-005   2.1986651652645853E-003
   6.9451815835571354E-310  -5.2859730969476771E-005   2.2000296632637348E-003
   6.9451815835571354E-310  -6.2364374869641271E-005   2.2016646908836813E-003
   6.9451815835571354E-310  -7.1818757566007290E-005   2.2035689294308942E-003
   6.9451815835571354E-310  -8.1215255483455288E-005   2.2057408431325454E-003
   6.9451815835571354E-310  -9.0546291730507220E-005   2.2081786803751055E-003
   6.9451815835571354E-310   8.7284600424624272E-005   2.1508956593931203E-003
   6.9451815835571354E-310   7.8427711054799066E-005   2.1540094632327821E-003
   6.9451815835571354E-310   6.9460119822124556E-005   2.1567884277521820E-003
   6.9451815835571354E-310   6.0394480595152140E-005   2.1592286313642586E-003
   6.9451815835571354E-310   5.1243585605312815E-005   2.1613266304963590E-003
   6.9451815835571354E-310   4.2020347396212052E-005   2.1630794644497378E-003
   6.9451815835571354E-310   3.2737780603141786E-005   2.1644846595777140E-003
   6.9451815835571354E-310   2.3408983588516085E-005   2.1655402327765273E-003
   6.9451815835571354E-310   1.4047119959152810E-005   2.1662446942840507E-003
   6.9451815835571354E-310   4.6653999914687767E-006   2.1665970497823082E-003
   6.9451815835571354E-310  -4.7229380091853395E-006   2.1665968018009323E-003
   6.9451815835571354E-310  -1.4107358136926330E-005   2.1668678397272867E-003
   6.9451815835571354E-310  -2.3480022941004340E-005   2.1674099369320718E-003
   6.9451815835571354E-310  -3.2833104796010739E-005   2.1682226404094282E-003
   6.9451815835571354E-310  -4.2158792439153757E-005   2.1693052711555037E-003
   6.9451815835571354E-310  -5.1449297493866457E-005   2.1706569247357485E-003
   6.9451815835571354E-310  -6.0696860974292962E-005   2.1722764720404804E-003
   6.9451815835571354E-310  -6.9893759765222649E-005   2.1741625602280973E-003
   6.9451815835571354E-310  -7.9032313072060204E-005   2.1763136138551321E-003
   6.9451815835571354E-310  -8.8104888835445141E-005   2.1787278361922124E-003
   6.9451815835571354E-310   8.4993321084555378E-005   2.1229853668042358E-003
   6.9451815835571354E-310   7.6375662778517994E-005   2.1260483518301724E-003
   6.9451815835571354E-310   6.7647999473726084E-005   2.1287821898371305E-003
   6.9451815835571354E-310   5.8822897795515394E-005   2.1311829442013787E-003
   6.9451815835571354E-310   4.9913064677438489E-005   2.1332471578936478E-003
   6.9451815835571354E-310   4.0931329065033799E-005   2.1349718584571901E-003
   6.9451815835571354E-310   3.1890623443887262E-005   2.1363545622880863E-003
   6.9451815835571354E-310   2.2803965218602830E-005   2.1373932782116885E-003
   6.9451815835571354E-310   1.3684437969484911E-005   2.1380865103500439E-003
   6.9451815835571354E-310   4.5451726139200427E-006   2.1384332602761161E-003
   6.9451815835571354E-310  -4.6006715004137081E-006   2.1384330284517877E-003
   6.9451815835571354E-310  -1.3742567159881056E-005   2.1387015921253073E-003
   6.9451815835571354E-310  -2.2872616200889929E-005   2.1392387190069390E-003
   6.9451815835571354E-310  -3.1982930702508625E-005   2.1400439447811920E-003
   6.9451815835571354E-310  -4.1065639801246299E-005   2.1411165735082233E-003
   6.9451815835571354E-310  -5.0112896491092947E-005   2.1424556782252990E-003
   6.9451815835571354E-310  -5.9116884402939258E-005   2.1440601017478919E-003
   6.9451815835571354E-310  -6.8069824557521981E-005   2.1459284576696440E-003
   6.9451815835571354E-310  -7.6963982086058759E-005   2.1480591315603936E-003
   6.9451815835571354E-310  -8.5791672912767519E-005   2.1504502823611843E-003
   6.9451815835571354E-310   8.2819694215651186E-005   2.0961569700780358E-003
   6.9451815835571354E-310   7.4429045521258775E-005   2.0991714235458828E-003
   6.9451815835571354E-310   6.5929052175781760E-005   2.1018621672354784E-003
   6.9451815835571354E-310   5.7332197745863927E-005   2.1042252491005452E-003
   6.9451815835571354E-310   4.8651108064083403E-005   2.1062571983175250E-003
   6.9451815835571354E-310   3.9898532685932300E-005   2.1079550303834136E-003
   6.9451815835571354E-310   3.1087326165077866E-005   2.1093162514993799E-003
   6.9451815835571354E-310   2.2230429174394518E-005   2.1103388622336688E-003
   6.9451815835571354E-310   1.3340849500510075E-005   2.1110213604584893E-003
   6.9451815835571354E-310   4.4316429397628837E-006   2.1113627435564984E-003
   6.9451815835571354E-310  -4.4841058763611923E-006   2.1113625098936944E-003
   6.9451815835571354E-310  -1.3395877610475790E-005   2.1116286394639245E-003
   6.9451815835571354E-310  -2.2295716284409778E-005   2.1121608944233341E-003
   6.9451815835571354E-310  -3.1175676580896132E-005   2.1129587993449265E-003
   6.9451815835571354E-310  -4.0027830936743432E-005   2.1140216416432223E-003
   6.9451815835571354E-310  -4.8844276620148020E-005   2.1153484722106529E-003
   6.9451815835571354E-310  -5.7617142785831973E-005   2.1169381062651023E-003
   6.9451815835571354E-310  -6.6338597501707590E-005   2.1187891244078493E-003
   6.9451815835571354E-310  -7.5000854740795483E-005   2.1208998738909616E-003
   6.9451815835571354E-310  -8.3596181332153886E-005   2.1232684700930086E-003
   6.9451815835571354E-310   8.0753814009313355E-005   2.0703402040134194E-003
   6.9451815835571354E-310   7.2578854657272940E-005   2.0733082731196778E-003
   6.9451815835571354E-310   6.4295178512839459E-005   2.0759578342428790E-003
   6.9451815835571354E-310   5.5915189971945383E-005   2.0782849195331620E-003
   6.9451815835571354E-310   4.7451437663755786E-005   2.0802860440324996E-003
   6.9451815835571354E-310   3.8916595659695157E-005   2.0819582108936338E-003
   6.9451815835571354E-310   3.0323444494624865E-005   2.0832989158681174E-003
   6.9451815835571354E-310   2.1684852028577321E-005   2.0843061510566808E-003
   6.9451815835571354E-310   1.3013754177707948E-005   2.0849784079163412E-003
   6.9451815835571354E-310   4.3231355433274359E-006   2.0853146795197846E-003
   6.9451815835571354E-310  -4.3739900319912097E-006   2.0853144620635519E-003
   6.9451815835571354E-310  -1.3067110669562234E-005   2.0855782327391273E-003
   6.9451815835571354E-310  -2.1748215258468388E-005   2.0861057482191216E-003
   6.9451815835571354E-310  -3.0409303768740603E-005   2.0868965221232877E-003
   6.9451815835571354E-310  -3.9042394623746119E-005   2.0879498254669599E-003
   6.9451815835571354E-310  -4.7639532055564885E-005   2.0892646873330906E-003
   6.9451815835571354E-310  -5.6192793436575237E-005   2.0908398957672088E-003
   6.9451815835571354E-310  -6.4694296580491910E-005   2.0926739988945376E-003
   6.9451815835571354E-310  -7.3136207006128668E-005   2.0947653062581783E-003
   6.9451815835571354E-310  -8.1510745157191753E-005   2.0971118903771830E-003
   6.9451815835571354E-310   7.8787726033518289E-005   2.0454727024988642E-003
   6.9451815835571354E-310   7.0817995880579360E-005   2.0483963850440262E-003
   6.9451815835571354E-310   6.2740146882535796E-005   2.0510065416421979E-003
   6.9451815835571354E-310   5.4566507816653046E-005   2.0532991882978328E-003
   6.9451815835571354E-310   4.6309553669353766E-005   2.0552708256135780E-003
   6.9451815835571354E-310   3.7981886596310000E-005   2.0569184441315870E-003
   6.9451815835571354E-310   2.9596216688437002E-005   2.0582395289270809E-003
   6.9451815835571354E-310   2.1165342573132518E-005   2.0592320634471493E-003
   6.9451815835571354E-310   1.2702131880374583E-005   2.0598945325888606E-003
   6.9451815835571354E-310   4.2195016034888964E-006   2.0602259250120944E-003
   6.9451815835571354E-310  -4.2696016154402684E-006   2.0602257346834605E-003
   6.9451815835571354E-310  -1.2754672943984974E-005   2.0604872122652897E-003
   6.9451815835571354E-310  -2.1227648656899005E-005   2.0610101090197041E-003
   6.9451815835571354E-310  -2.9680476531453119E-005   2.0617939277711591E-003
   6.9451815835571354E-310  -3.8105123499800930E-005   2.0628379233791441E-003
   6.9451815835571354E-310  -4.6493583283130099E-005   2.0641411034465762E-003
   6.9451815835571354E-310  -5.4837884000349901E-005   2.0657022292631267E-003
   6.9451815835571354E-310  -6.3130095744080741E-005   2.0675198169826641E-003
   6.9451815835571354E-310  -7.1362338116748303E-005   2.0695921390336421E-003
   6.9451815835571354E-310  -7.9526787719618386E-005   2.0719172257611129E-003
   6.9451815835571354E-310   7.6915146264051182E-005   2.0214963986101152E-003
   6.9451815835571354E-310   6.9140932368355786E-005   2.0243775248209427E-003
   6.9451815835571354E-310   6.1259168798014877E-005   2.0269499028325237E-003
   6.9451815835571354E-310   5.3282112006210211E-005   2.0292095322444743E-003
   6.9451815835571354E-310   4.5222166640745550E-005   2.0311528989930224E-003
   6.9451815835571354E-310   3.7091866254310201E-005   2.0327769808158834E-003
   6.9451815835571354E-310   2.8903853814280525E-005   2.0340792519524097E-003
   6.9451815835571354E-310   2.0670862042359808E-005   2.0350576870716182E-003
   6.9451815835571354E-310   1.2405693614635007E-005   2.0357107644220478E-003
   6.9451815835571354E-310   4.1212012528315758E-006   2.0360374681985382E-003
   6.9451815835571354E-310  -4.1697322622649235E-006   2.0360372901222193E-003
   6.9451815835571354E-310  -1.2456608524119119E-005   2.0362965136323536E-003
   6.9451815835571354E-310  -2.0731313527568005E-005   2.0368148846741829E-003
   6.9451815835571354E-310  -2.8985745192278267E-005   2.0375918954515684E-003
   6.9451815835571354E-310  -3.7211821295802336E-005   2.0386267849244201E-003
   6.9451815835571354E-310  -4.5401487387185374E-005   2.0399185395540993E-003
   6.9451815835571354E-310  -5.3546724673371128E-005   2.0414658942960549E-003
   6.9451815835571354E-310  -6.1639557870687278E-005   2.0432673338386942E-003
   6.9451815835571354E-310  -6.9672063013721607E-005   2.0453210940873288E-003
   6.9451815835571354E-310  -7.7636375213943303E-005   2.0476251638916892E-003
   6.9451815835571354E-310   7.5130085518370997E-005   1.9983589029245828E-003
   6.9451815835571354E-310   6.7542373845593749E-005   2.0011991625359664E-003
   6.9451815835571354E-310   5.9847654222935047E-005   2.0037352604665693E-003
   6.9451815835571354E-310   5.2058113806596182E-005   2.0059631797134047E-003
   6.9451815835571354E-310   4.4186089942922915E-005   2.0078793913774662E-003
   6.9451815835571354E-310   3.6244050628078024E-005   2.0094808602533001E-003
   6.9451815835571354E-310   2.8244574760784766E-005   2.0107650496366588E-003
   6.9451815835571354E-310   2.0200332219394061E-005   2.0117299253425993E-003
   6.9451815835571354E-310   1.2124063794842003E-005   2.0123739589276825E-003
   6.9451815835571354E-310   4.0285610112812496E-006   2.0126961301111541E-003
   6.9451815835571354E-310  -4.0733541336601811E-006   2.0126959283912811E-003
   6.9451815835571354E-310  -1.2171188901672227E-005   2.0129529140004380E-003
   6.9451815835571354E-310  -2.0256781196952833E-005   2.0134668276802618E-003
   6.9451815835571354E-310  -2.8321981270735432E-005   2.0142371512055623E-003
   6.9451815835571354E-310  -3.6358659935700386E-005   2.0152631079068976E-003
   6.9451815835571354E-310  -4.4358716759658432E-005   2.0165436634536375E-003
   6.9451815835571354E-310  -5.2314088230242137E-005   2.0180775268967398E-003
   6.9451815835571354E-310  -6.0216755882376555E-005   2.0198631519701728E-003
   6.9451815835571354E-310  -6.8058754380339085E-005   2.0218987386496907E-003
   6.9451815835571354E-310  -7.5832179546259440E-005   2.0241822349673652E-003
   6.9451815835571354E-310   7.3423732486068807E-005   1.9760099698807624E-003
   6.9451815835571354E-310   6.6014062884572815E-005   1.9788110285638141E-003
   6.9451815835571354E-310   5.8497905191344453E-005   1.9813123356755332E-003
   6.9451815835571354E-310   5.0887380171584388E-005   1.9835098572980273E-003
   6.9451815835571354E-310   4.3194760779524739E-005   1.9854000494065353E-003
   6.9451815835571354E-310   3.5432452366703391E-005   1.9869798635850167E-003
   6.9451815835571354E-310   2.7612972676718188E-005   1.9882467519424791E-003
   6.9451815835571354E-310   1.9748931658719249E-005   1.9891986712221835E-003
   6.9451815835571354E-310   1.1853011132192156E-005   1.9898340860970334E-003
   6.9451815835571354E-310   3.9379443358241101E-006   1.9901519716458609E-003
   6.9451815835571354E-310  -3.9835046065637877E-006   1.9901518150066194E-003
   6.9451815835571354E-310  -1.1900848830930564E-005   1.9904066827183160E-003
   6.9451815835571354E-310  -1.9805880174048199E-005   1.9909163103232338E-003
   6.9451815835571354E-310  -2.7690403245191783E-005   1.9916801692460777E-003
   6.9451815835571354E-310  -3.5546243922556478E-005   1.9926974673421948E-003
   6.9451815835571354E-310  -4.3365257827614146E-005   1.9939671497190424E-003
   6.9451815835571354E-310  -5.1139338768627760E-005   1.9954878998300809E-003
   6.9451815835571354E-310  -5.8860427144568511E-005   1.9972581408398997E-003
   6.9451815835571354E-310  -6.6520518300723012E-005   1.9992760372592134E-003
   6.9451815835571354E-310  -7.4111670827328998E-005   2.0015394968480047E-003
   6.9451815835571354E-310   7.1793341616514558E-005   1.9544074612635439E-003
   6.9451815835571354E-310   6.4553906478156362E-005   1.9571708015234893E-003
   6.9451815835571354E-310   5.7208479568383037E-005   1.9596386319005771E-003
   6.9451815835571354E-310   4.9769117831774439E-005   1.9618069014086057E-003
   6.9451815835571354E-310   4.2248032409124070E-005   1.9636720507673383E-003
   6.9451815835571354E-310   3.4657568593795532E-005   1.9652310182451680E-003
   6.9451815835571354E-310   2.7010185567850691E-005   1.9664812446850994E-003
   6.9451815835571354E-310   1.9318435951231502E-005   1.9674206777057796E-003
   6.9451815835571354E-310   1.1594945197550990E-005   1.9680477750707135E-003
   6.9451815835571354E-310   3.8523908703200411E-006   1.9683615072200950E-003
   6.9451815835571354E-310  -3.8965181663749247E-006   1.9683613589611330E-003
   6.9451815835571354E-310  -1.1641300271960338E-005   1.9686141202505678E-003
   6.9451815835571354E-310  -1.9373703163542284E-005   1.9691195215408887E-003
   6.9451815835571354E-310  -2.7085487755913474E-005   1.9698770240896856E-003
   6.9451815835571354E-310  -3.4768436940522951E-005   1.9708858205339315E-003
   6.9451815835571354E-310  -4.2414364341019883E-005   1.9721448357504887E-003
   6.9451815835571354E-310  -5.0015123036044611E-005   1.9736527280019198E-003
   6.9451815835571354E-310  -5.7562614239971239E-005   1.9754078903663833E-003
   6.9451815835571354E-310  -6.5048795932352380E-005   1.9774084524500878E-003
   6.9451815835571354E-310  -7.2465691426871627E-005   1.9796522823804798E-003
   6.9451815835571354E-310   7.0234621257246797E-005   1.9335089689963244E-003
   6.9451815835571354E-310   6.3158085645881548E-005   1.9362359564678406E-003
   6.9451815835571354E-310   5.5976031590890664E-005   1.9386715193600579E-003
   6.9451815835571354E-310   4.8700454672762552E-005   1.9408115895266638E-003
   6.9451815835571354E-310   4.1343506684773579E-005   1.9426525923581632E-003
   6.9451815835571354E-310   3.3917475336857041E-005   1.9441914527526445E-003
   6.9451815835571354E-310   2.6434763732442751E-005   1.9454256002522405E-003
   6.9451815835571354E-310   1.8907869652549382E-005   1.9463529733367286E-003
   6.9451815835571354E-310   1.1349364681733111E-005   1.9469720228671105E-003
   6.9451815835571354E-310   3.7718732107459136E-006   1.9472817146733634E-003
   6.9451815835571354E-310  -3.8119486490134505E-006   1.9472815312821137E-003
   6.9451815835571354E-310  -1.1391623739201144E-005   1.9475321908004539E-003
   6.9451815835571354E-310  -1.8958857438008267E-005   1.9480334187071020E-003
   6.9451815835571354E-310  -2.6505368745768455E-005   1.9487846662778515E-003
   6.9451815835571354E-310  -3.4022899347048236E-005   1.9497851111862886E-003
   6.9451815835571354E-310  -4.1503222647905963E-005   1.9510336584039189E-003
   6.9451815835571354E-310  -4.8938152778428673E-005   1.9525289413987279E-003
   6.9451815835571354E-310  -5.6319553550696031E-005   1.9542693236308385E-003
   6.9451815835571354E-310  -6.3639347362368190E-005   1.9562529003436624E-003
   6.9451815835571354E-310  -7.0889524036154414E-005   1.9584775006485484E-003
   6.9451815835571354E-310   6.8740687780797561E-005   1.9132760226815567E-003
   6.9451815835571354E-310   6.1820161195683281E-005   1.9159680130868568E-003
   6.9451815835571354E-310   5.4794571180941551E-005   1.9183725181143327E-003
   6.9451815835571354E-310   4.7675854282087365E-005   1.9204854522606514E-003
   6.9451815835571354E-310   4.0476105277427533E-005   1.9223032254044278E-003
   6.9451815835571354E-310   3.3207556628899896E-005   1.9238227489062542E-003
   6.9451815835571354E-310   2.5882557698967310E-005   1.9250414408567087E-003
   6.9451815835571354E-310   1.8513553768888415E-005   1.9259572304634362E-003
   6.9451815835571354E-310   1.1113064893998053E-005   1.9265685615698111E-003
   6.9451815835571354E-310   3.6936646319346729E-006   1.9268743952992507E-003
   6.9451815835571354E-310  -3.7320413200513276E-006   1.9268742118206332E-003
   6.9451815835571354E-310  -1.1153580295754936E-005   1.9271228510269979E-003
   6.9451815835571354E-310  -1.8562617014936447E-005   1.9276200334526878E-003
   6.9451815835571354E-310  -2.5950830246062655E-005   1.9283652004882495E-003
   6.9451815835571354E-310  -3.3309922152040359E-005   1.9293575150080775E-003
   6.9451815835571354E-310  -4.0631627609670029E-005   1.9305958623108295E-003
   6.9451815835571354E-310  -4.7907723492347481E-005   1.9320788513716256E-003
   6.9451815835571354E-310  -5.5130037905591679E-005   1.9338048164045595E-003
   6.9451815835571354E-310  -6.2290459365024062E-005   1.9357718187338238E-003
   6.9451815835571354E-310  -6.9380945906492622E-005   1.9379776489713051E-003
   6.9451815835571354E-310   6.7307856621834391E-005   1.8936726822630988E-003
   6.9451815835571354E-310   6.0536854493762861E-005   1.8963309386380916E-003
   6.9451815835571354E-310   5.3661226344225670E-005   1.8987055126708460E-003
   6.9451815835571354E-310   4.6692851907137369E-005   1.9007923013426096E-003
   6.9451815835571354E-310   3.9643771172970954E-005   1.9025876988713563E-003
   6.9451815835571354E-310   3.2526163586012500E-005   1.9040886029422512E-003
   6.9451815835571354E-310   2.5352327000637923E-005   1.9052924200682198E-003
   6.9451815835571354E-310   1.8134656432995051E-005   1.9061970700713722E-003
   6.9451815835571354E-310   1.0885622644785884E-005   1.9068009896775050E-003
   6.9451815835571354E-310   3.6177505961630804E-006   1.9071031352175176E-003
   6.9451815835571354E-310  -3.6564021950319516E-006   1.9071029844310349E-003
   6.9451815835571354E-310  -1.0926367495973346E-005   1.9073496821455278E-003
   6.9451815835571354E-310  -1.8183770916738045E-005   1.9078429439763453E-003
   6.9451815835571354E-310  -2.5420252544747278E-005   1.9085822015177895E-003
   6.9451815835571354E-310  -3.2627476574675968E-005   1.9095666029981090E-003
   6.9451815835571354E-310  -3.9797140910584225E-005   1.9107950142609102E-003
   6.9451815835571354E-310  -4.6920986729210910E-005   1.9122660200718504E-003
   6.9451815835571354E-310  -5.3990807993412198E-005   1.9139779257491098E-003
   6.9451815835571354E-310  -6.0998460904786560E-005   1.9159287591157589E-003
   6.9451815835571354E-310  -6.7935873284598883E-005   1.9181162727717773E-003
   6.9451815835571354E-310   6.5933202186167948E-005   1.8746691841944735E-003
   6.9451815835571354E-310   5.9305722208893426E-005   1.8772948737841900E-003
   6.9451815835571354E-310   5.2574036067390599E-005   1.8796405518200806E-003
   6.9451815835571354E-310   4.5749968621812057E-005   1.8817020976736082E-003
   6.9451815835571354E-310   3.8845507018147368E-005   1.8834758898221941E-003
   6.9451815835571354E-310   3.1872779631620326E-005   1.8849588122111492E-003
   6.9451815835571354E-310   2.4844034761988746E-005   1.8861482597276958E-003
   6.9451815835571354E-310   1.7771619118170091E-005   1.8870421427774977E-003
   6.9451815835571354E-310   1.0667956129984416E-005   1.8876388909555989E-003
   6.9451815835571354E-310   3.5455241251132046E-006   1.8879374558053688E-003
   6.9451815835571354E-310  -3.5831655903870066E-006   1.8879373126605918E-003
   6.9451815835571354E-310  -1.0707648816496071E-005   1.8881820857272386E-003
   6.9451815835571354E-310  -1.7819513591318562E-005   1.8886714857934465E-003
   6.9451815835571354E-310  -2.4910362858770521E-005   1.8894049348134739E-003
   6.9451815835571354E-310  -3.1971824383075065E-005   1.8903815665904467E-003
   6.9451815835571354E-310  -3.8995560633944659E-005   1.8916002277993304E-003
   6.9451815835571354E-310  -4.5973278630776161E-005   1.8930594793489122E-003
   6.9451815835571354E-310  -5.2896739734238684E-005   1.8947575980811982E-003
   6.9451815835571354E-310  -5.9757769373691333E-005   1.8966925788062011E-003
   6.9451815835571354E-310  -6.6548266698945996E-005   1.8988621366697327E-003
   6.9451815835571354E-310   6.4611466792920651E-005   1.8562343254204187E-003
   6.9451815835571354E-310   5.8121843799040305E-005   1.8588286035751784E-003
   6.9451815835571354E-310   5.1528420679718449E-005   1.8611464175456605E-003
   6.9451815835571354E-310   4.4842969270645247E-005   1.8631836289152697E-003
   6.9451815835571354E-310   3.8077425722968984E-005   1.8649366002528405E-003
   6.9451815835571354E-310   3.1243869192585324E-005   1.8664022016072739E-003
   6.9451815835571354E-310   2.4354500274090590E-005   1.8675778160960805E-003
   6.9451815835571354E-310   1.7421619217911492E-005   1.8684613445779296E-003
   6.9451815835571354E-310   1.0457603969485927E-005   1.8690512094008038E-003
   6.9451815835571354E-310   3.4748880697172796E-006   1.8693463572191013E-003
   6.9451815835571354E-310  -3.5140615438487464E-006   1.8693462608746342E-003
   6.9451815835571354E-310  -1.0498784877859435E-005   1.8695891893833038E-003
   6.9451815835571354E-310  -1.7470833856688478E-005   1.8700748487198704E-003
   6.9451815835571354E-310  -2.4421775741440365E-005   1.8708026512744491E-003
   6.9451815835571354E-310  -3.1343203329402999E-005   1.8717717165634663E-003
   6.9451815835571354E-310  -3.8226745122606109E-005   1.8729808722948564E-003
   6.9451815835571354E-310  -4.5064075453185537E-005   1.8744286557862040E-003
   6.9451815835571354E-310  -5.1846924553308402E-005   1.8761133157341075E-003
   6.9451815835571354E-310  -5.8567088557476738E-005   1.8780328143326315E-003
   6.9451815835571354E-310  -6.5216439425114819E-005   1.8801848297382900E-003
   6.9451815835571354E-310   6.3343353471067743E-005   1.8383385242148880E-003
   6.9451815835571354E-310   5.6986209558916253E-005   1.8409023597105610E-003
   6.9451815835571354E-310   5.0525652742983764E-005   1.8431931638753659E-003
   6.9451815835571354E-310   4.3973403662320387E-005   1.8452067805595461E-003
   6.9451815835571354E-310   3.7341349311534566E-005   1.8469395564826374E-003
   6.9451815835571354E-310   3.0641521475582016E-005   1.8483883478615684E-003
   6.9451815835571354E-310   2.3886074901863284E-005   1.8495505261144412E-003
   6.9451815835571354E-310   1.7087265249225641E-005   1.8504239826296429E-003
   6.9451815835571354E-310   1.0257426853877663E-005   1.8510071325916293E-003
   6.9451815835571354E-310   3.4089503525540360E-006   1.8512989178564383E-003
   6.9451815835571354E-310  -3.4457397964780297E-006   1.8512988088717278E-003
   6.9451815835571354E-310  -1.0296186926351199E-005   1.8515398761226084E-003
   6.9451815835571354E-310  -1.7133908106912055E-005   1.8520218208972431E-003
   6.9451815835571354E-310  -2.3950436173538815E-005   1.8527440462045202E-003
   6.9451815835571354E-310  -3.0737330212049369E-005   1.8537056575135620E-003
   6.9451815835571354E-310  -3.7486186011095117E-005   1.8549054638616618E-003
   6.9451815835571354E-310  -4.4188646469096060E-005   1.8563419793293072E-003
   6.9451815835571354E-310  -5.0836411942831462E-005   1.8580134248804339E-003
   6.9451815835571354E-310  -5.7421250524871591E-005   1.8599177305656585E-003
   6.9451815835571354E-310  -6.3935008237122956E-005   1.8620525380857373E-003
   6.9451815835571354E-310   6.2123030501498301E-005   1.8209572610980763E-003
   6.9451815835571354E-310   5.5893340582863983E-005   1.8234916586671978E-003
   6.9451815835571354E-310   4.9560611486780569E-005   1.8257563470911260E-003
   6.9451815835571354E-310   4.3136514289639102E-005   1.8277471523946913E-003
   6.9451815835571354E-310   3.6632888466000936E-005   1.8294604053633100E-003
   6.9451815835571354E-310   3.0061720068695163E-005   1.8308929483056363E-003
   6.9451815835571354E-310   2.3435119638764168E-005   1.8320421408734929E-003
   6.9451815835571354E-310   1.6765299885960987E-005   1.8329058649283498E-003
   6.9451815835571354E-310   1.0064553180938275E-005   1.8334825284453901E-003
   6.9451815835571354E-310   3.3452289006038506E-006   1.8337710684479213E-003
   6.9451815835571354E-310  -3.3802893315951796E-006   1.8337709529668111E-003
   6.9451815835571354E-310  -1.0101548090778590E-005   1.8340102035959086E-003
   6.9451815835571354E-310  -1.6810030879296444E-005   1.8344885169872911E-003
   6.9451815835571354E-310  -2.3497237394810727E-005   1.8352052868770600E-003
   6.9451815835571354E-310  -3.0154694301007708E-005   1.8361596048537859E-003
   6.9451815835571354E-310  -3.6773965964133262E-005   1.8373502615098034E-003
   6.9451815835571354E-310  -4.3346665141746180E-005   1.8387757479738881E-003
   6.9451815835571354E-310  -4.9864463610146877E-005   1.8404342578233947E-003
   6.9451815835571354E-310  -5.6319102717014636E-005   1.8423236893734111E-003
   6.9451815835571354E-310  -6.2702403845882296E-005   1.8444416483400397E-003
   6.9451815835571354E-310   6.0946850091336553E-005   1.8040688635842196E-003
   6.9451815835571354E-310   5.4839968617867657E-005   1.8065748097223287E-003
   6.9451815835571354E-310   4.8630410651015132E-005   1.8088142596302263E-003
   6.9451815835571354E-310   4.2329799058768271E-005   1.8107830213693857E-003
   6.9451815835571354E-310   3.5949927149356994E-005   1.8124774096676217E-003
   6.9451815835571354E-310   2.9502736596863342E-005   1.8138942528174570E-003
   6.9451815835571354E-310   2.3000295089116245E-005   1.8150308986132015E-003
   6.9451815835571354E-310   1.6454773739699565E-005   1.8158852193156487E-003
   6.9451815835571354E-310   9.8784243063550686E-006   1.8164556156350954E-003
   6.9451815835571354E-310   3.2835562584197672E-006   1.8167410197252086E-003
   6.9451815835571354E-310  -3.3174862637728818E-006   1.8167408971821526E-003
   6.9451815835571354E-310  -9.9142531650024440E-006   1.8169783640813856E-003
   6.9451815835571354E-310  -1.6498195734705411E-005   1.8174531125007757E-003
   6.9451815835571354E-310  -2.3060781888137338E-005   1.8181645270266261E-003
   6.9451815835571354E-310  -2.9593507223043527E-005   1.8191116855514153E-003
   6.9451815835571354E-310  -3.6087906040442591E-005   1.8202933604690161E-003
   6.9451815835571354E-310  -4.2535562315250067E-005   1.8217080202657745E-003
   6.9451815835571354E-310  -4.8928120602518603E-005   1.8233538315054348E-003
   6.9451815835571354E-310  -5.5257296865164683E-005   1.8252286612053259E-003
   6.9451815835571354E-310  -6.1514889209149910E-005   1.8273300796007174E-003
   6.9451815835571354E-310   5.9817192233070337E-005   1.7876416918998325E-003
   6.9451815835571354E-310   5.3828446819857088E-005   1.7901199544329972E-003
   6.9451815835571354E-310   4.7737369092702399E-005   1.7923348438056578E-003
   6.9451815835571354E-310   4.1555535532920138E-005   1.7942821502808660E-003
   6.9451815835571354E-310   3.5294695117718978E-005   1.7959581726802081E-003
   6.9451815835571354E-310   2.8966746990511717E-005   1.7973597254185142E-003
   6.9451815835571354E-310   2.2583717845796704E-005   1.7984841445586256E-003
   6.9451815835571354E-310   1.6157739071612925E-005   1.7993292928747671E-003
   6.9451815835571354E-310   9.7010236929969264E-006   1.7998935639148375E-003
   6.9451815835571354E-310   3.2258431602703055E-006   1.8001758850539596E-003
   6.9451815835571354E-310  -3.2554959737328903E-006   1.8001757195334203E-003
   6.9451815835571354E-310  -9.7325459636502600E-006   1.8004114118652899E-003
   6.9451815835571354E-310  -1.6196726730932714E-005   1.8008826496437101E-003
   6.9451815835571354E-310  -2.2639475251546814E-005   1.8015888084384269E-003
   6.9451815835571354E-310  -2.9052256899313927E-005   1.8025289526222099E-003
   6.9451815835571354E-310  -3.5426576751618845E-005   1.8037018366105155E-003
   6.9451815835571354E-310  -4.1753990842515707E-005   1.8051059065117411E-003
   6.9451815835571354E-310  -4.8026117348323242E-005   1.8067393021859030E-003
   6.9451815835571354E-310  -5.4234647690891733E-005   1.8085998597089745E-003
   6.9451815835571354E-310  -6.0371357543833484E-005   1.8106851142396642E-003
   6.9451815835571354E-310   5.8723718356187618E-005   1.7716650225843269E-003
   6.9451815835571354E-310   5.2849028464770588E-005   1.7741166125312758E-003
   6.9451815835571354E-310   4.6872346027341933E-005   1.7763078506038944E-003
   6.9451815835571354E-310   4.0805202196405764E-005   1.7782345089270267E-003
   6.9451815835571354E-310   3.4659302665341731E-005   1.7798928700944376E-003
   6.9451815835571354E-310   2.8446505083924668E-005   1.7812797343413757E-003
   6.9451815835571354E-310   2.2178796180656048E-005   1.7823924257184378E-003
   6.9451815835571354E-310   1.5868268636042032E-005   1.7832287972548140E-003
   6.9451815835571354E-310   9.5270977514288102E-006   1.7837872351009170E-003
   6.9451815835571354E-310   3.1675179584243253E-006   1.7840666616424545E-003
   6.9451815835571354E-310  -3.1982007857847599E-006   1.7840665375798840E-003
   6.9451815835571354E-310  -9.5596140417593552E-006   1.7843005670448897E-003
   6.9451815835571354E-310  -1.5908111735729323E-005   1.7847684330988085E-003
   6.9451815835571354E-310  -2.2235101281684008E-005   1.7854695023089219E-003
   6.9451815835571354E-310  -2.8532019211293584E-005   1.7864028256060448E-003
   6.9451815835571354E-310  -3.4790342764412601E-005   1.7875671395693187E-003
   6.9451815835571354E-310  -4.1001601424475308E-005   1.7889608681364857E-003
   6.9451815835571354E-310  -4.7157388383171573E-005   1.7905821247373055E-003
   6.9451815835571354E-310  -5.3249371918885613E-005   1.7924287148472443E-003
   6.9451815835571354E-310  -5.9269306673497081E-005   1.7944981389579708E-003
   6.9451815835571354E-310   5.7673027330010449E-005   1.7561080538486395E-003
   6.9451815835571354E-310   5.1908174482079682E-005   1.7585335945646799E-003
   6.9451815835571354E-310   4.6041650370660771E-005   1.7607017252244078E-003
   6.9451815835571354E-310   4.0084942527892381E-005   1.7626082001115410E-003
   6.9451815835571354E-310   3.4049715087649968E-005   1.7642492858711495E-003
   6.9451815835571354E-310   2.7947785945406394E-005   1.7656217688204860E-003
   6.9451815835571354E-310   2.1791103616995255E-005   1.7667229612422521E-003
   6.9451815835571354E-310   1.5591723841573628E-005   1.7675507066479002E-003
   6.9451815835571354E-310   9.3617859746192446E-006   1.7681033840007496E-003
   6.9451815835571354E-310   3.1134892171703638E-006   1.7683799108905726E-003
   6.9451815835571354E-310  -3.1409312721325435E-006   1.7683797456534895E-003
   6.9451815835571354E-310  -9.3910331852474835E-006   1.7686120738433270E-003
   6.9451815835571354E-310  -1.5628177134487288E-005   1.7690765741373786E-003
   6.9451815835571354E-310  -2.1843741650392549E-005   1.7697726042863139E-003
   6.9451815835571354E-310  -2.8029135099001782E-005   1.7706992020022120E-003
   6.9451815835571354E-310  -3.4175807557872323E-005   1.7718550862889568E-003
   6.9451815835571354E-310  -4.0275262634435450E-005   1.7732386592131727E-003
   6.9451815835571354E-310  -4.6319069210348283E-005   1.7748480081132680E-003
   6.9451815835571354E-310  -5.2298873095609963E-005   1.7766809082435139E-003
   6.9451815835571354E-310  -5.8206408576331870E-005   1.7787348258495007E-003
   6.9451815835571354E-310   5.6652088348453701E-005   1.7409606425364246E-003
   6.9451815835571354E-310   5.0993349999361014E-005   1.7433611457867702E-003
   6.9451815835571354E-310   4.5233262595250766E-005   1.7455070916862824E-003
   6.9451815835571354E-310   3.9383271098377646E-005   1.7473942161750648E-003
   6.9451815835571354E-310   3.3454999113669316E-005   1.7490187694566529E-003
   6.9451815835571354E-310   2.7460225793280094E-005   1.7503775234490307E-003
   6.9451815835571354E-310   2.1410862432059321E-005   1.7514677781990172E-003
   6.9451815835571354E-310   1.5318928800441388E-005   1.7522873672472742E-003
   6.9451815835571354E-310   9.1965292617894628E-006   1.7528346619333287E-003
   6.9451815835571354E-310   3.0558287216372567E-006   1.7531085746319735E-003
   6.9451815835571354E-310  -3.0909715433756832E-006   1.7531085609146942E-003
   6.9451815835571354E-310  -9.2334330923141795E-006   1.7533394071041874E-003
   6.9451815835571354E-310  -1.5362888454626288E-005   1.7538007872821759E-003
   6.9451815835571354E-310  -2.1470688519110171E-005   1.7544920502298796E-003
   6.9451815835571354E-310  -2.7548214738444231E-005   1.7554122203471954E-003
   6.9451815835571354E-310  -3.3586891290580809E-005   1.7565599990295826E-003
   6.9451815835571354E-310  -3.9578197179840529E-005   1.7579337665007419E-003
   6.9451815835571354E-310  -4.5513678260634990E-005   1.7595315840984904E-003
   6.9451815835571354E-310  -5.1384959166848500E-005   1.7613511970105990E-003
   6.9451815835571354E-310  -5.7183755130047418E-005   1.7633900374567444E-003
   6.9451815835571354E-310   5.5673637207082096E-005   1.7262012189094048E-003
   6.9451815835571354E-310   5.0117364294383635E-005   1.7285771154923522E-003
   6.9451815835571354E-310   4.4460040927141523E-005   1.7307012286766859E-003
   6.9451815835571354E-310   3.8713070771054483E-005   1.7325692766268887E-003
   6.9451815835571354E-310   3.2888038204348404E-005   1.7341774936673368E-003
   6.9451815835571354E-310   2.6996684966721117E-005   1.7355226378732711E-003
   6.9451815835571354E-310   2.1050886491071776E-005   1.7366019976060327E-003
   6.9451815835571354E-310   1.5062627965721956E-005   1.7374133969793794E-003
   6.9451815835571354E-310   9.0439801753819008E-006   1.7379552002458640E-003
   6.9451815835571354E-310   3.0070751695650646E-006   1.7382263150944374E-003
   6.9451815835571354E-310  -3.0359181925142904E-006   1.7382261948526078E-003
   6.9451815835571354E-310  -9.0745629317071910E-006   1.7384553390720726E-003
   6.9451815835571354E-310  -1.5100164188796471E-005   1.7389134176409675E-003
   6.9451815835571354E-310  -2.1104045892079863E-005   1.7395997708120144E-003
   6.9451815835571354E-310  -2.7077563249771109E-005   1.7405134101527173E-003
   6.9451815835571354E-310  -3.3012115197350962E-005   1.7416530199688275E-003
   6.9451815835571354E-310  -3.8899156781947832E-005   1.7430169591990195E-003
   6.9451815835571354E-310  -4.4730211465914766E-005   1.7446032637780510E-003
   6.9451815835571354E-310  -5.0496883331888964E-005   1.7464096494650091E-003
   6.9451815835571354E-310  -5.6190869171758603E-005   1.7484335151325633E-003
